0.0342083	12.638
0.0343083	12.6167
0.0344083	12.5955
0.112908	19.4886
0.148808	19.2743
0.148908	19.1863
0.184808	19.1232
0.184908	19.1308
0.185008	19.175
0.220808	16.5938
0.220908	16.582
0.221008	16.5594
0.241108	14.2435
0.256808	16.5482
0.256908	16.5071
0.257008	16.4569
0.277108	14.4253
0.292808	16.4233
0.292908	16.358
0.293008	16.2859
0.313108	17.21
0.328808	17.2014
0.328908	17.2028
0.329062	17.2042
0.349108	17.1906
0.364808	17.2208
0.364908	17.2218
0.365087	17.2244
0.385208	17.171
0.400808	22.4017
0.400908	22.4708
0.401008	22.5383
0.421208	22.1439
0.436808	22.6103
0.436908	22.6718
0.437008	22.7287
0.457308	21.8061
0.472812	22.7914
0.472908	22.8353
0.473008	22.8743
0.493412	21.5777
0.508896	18.5155
0.508996	18.5294
0.509037	18.5342
0.529696	17.3548
0.544896	18.5614
0.544996	18.5633
0.545096	18.5602
0.565996	17.5042
0.580896	18.5699
0.580996	18.5569
0.581096	18.5382
0.582208	17.976
0.582308	17.9039
0.602312	17.2976
0.616896	17.6827
0.616996	17.6766
0.617096	17.6707
0.618196	17.6217
0.618296	17.6186
0.618312	17.6181
0.618408	17.6156
0.638996	17.3709
0.652896	17.6825
0.652996	17.6772
0.653096	17.6721
0.654196	17.6305
0.654296	17.6286
0.654396	17.6272
0.655483	17.6565
0.655512	17.6587
0.655608	17.6662
0.676196	17.4256
0.688896	17.6846
0.688996	17.6799
0.689096	17.6754
0.690396	17.6429
0.690496	17.6438
0.690596	17.6455
0.691696	17.7191
0.691796	17.7305
0.691896	17.7425
0.692908	17.8739
0.693008	17.8854
0.693108	17.8962
0.713408	21.0218
0.724896	20.3892
0.724996	20.2708
0.725096	20.1637
0.726196	20.2927
0.726296	20.4152
0.726396	20.5459
0.727496	21.767
0.727596	21.8129
0.727696	21.8439
0.728796	21.2281
0.728896	21.102
0.728996	20.9701
0.730008	19.9274
0.730108	19.9161
0.730208	19.9281
0.730308	19.963
0.730408	20.0193
0.730508	20.0952
0.750508	21.6479
0.754896	21.8352
0.754996	21.7906
0.755292	21.5775
0.755296	21.5737
0.756196	20.4741
0.756296	20.3565
0.756396	20.2505
0.757596	20.4806
0.757696	20.6039
0.757796	20.7314
0.757896	20.8602
0.757996	20.9876
0.758896	21.7523
0.758996	21.7731
0.759096	21.7789
0.760196	20.947
0.760296	20.8154
0.760396	20.6824
0.760496	20.5508
0.760596	20.4235
0.760696	20.3037
0.761496	19.9576
0.761596	20.0133
0.761696	20.0895
0.762796	21.4477
0.762896	21.5486
0.762996	21.6376
0.783696	20.0193
0.785896	21.7612
0.785996	21.7485
0.786096	21.7209
0.787196	20.6269
0.787296	20.4943
0.787396	20.3668
0.787496	20.2475
0.788496	20.0733
0.788596	20.1727
0.788696	20.2869
0.788896	20.5464
0.789796	21.6573
0.789896	21.7336
0.789996	21.796
0.791096	21.5077
0.791196	21.4013
0.791296	21.2856
0.791396	21.1622
0.791496	21.033
0.791596	20.9004
0.792396	20.0542
0.792496	20.0183
0.792596	20.005
0.793696	20.9863
0.793796	21.1105
0.793896	21.2289
0.794196	21.5313
0.794996	21.7666
0.795096	21.7297
0.795496	21.4437
0.796296	20.4579
0.796396	20.3369
0.796496	20.2263
0.796596	20.1292
0.796696	20.0488
0.796796	19.9876
0.797596	20.293
0.797696	20.4126
0.797796	20.5413
0.798808	21.7292
0.798908	21.7917
0.799008	21.8399
0.819108	22.1196
0.821896	23.5093
0.821996	23.4615
0.822096	23.4078
0.823196	22.6829
0.823296	22.6297
0.823396	22.5823
0.824496	22.4472
0.824596	22.4563
0.824696	22.4651
0.824896	22.4781
0.824996	22.4803
0.825796	22.3088
0.825896	22.2584
0.825996	22.2016
0.826096	22.1386
0.826296	21.9964
0.827096	21.3608
0.827196	21.2967
0.827296	21.2415
0.828396	21.4453
0.828496	21.5309
0.828596	21.6225
0.829696	22.574
0.829796	22.6252
0.829896	22.6675
0.830996	22.5496
0.831096	22.496
0.831196	22.4385
0.832296	21.8721
0.832396	21.854
0.832496	21.8443
0.833696	22.1728
0.833796	22.2067
0.833896	22.2365
0.833996	22.2613
0.834096	22.2803
0.834196	22.2929
0.834996	22.1225
0.835096	22.0672
0.835196	22.0056
0.836296	21.2138
0.836396	21.1676
0.836496	21.1319
0.836596	21.1075
0.836696	21.0952
0.836796	21.0953
0.837508	21.4142
0.837608	21.4898
0.837708	21.5683
0.857896	23.3745
0.857996	23.312
0.858296	23.107
0.858596	22.8965
0.859196	22.5633
0.859296	22.5277
0.859396	22.4987
0.860496	22.4885
0.860596	22.4942
0.860896	22.4903
0.861796	22.1646
0.861896	22.0968
0.861996	22.0239
0.862096	21.9468
0.862196	21.8664
0.863096	21.219
0.863196	21.1837
0.863296	21.1609
0.864396	21.7211
0.864596	21.9179
0.865696	22.7131
0.865796	22.7382
0.865896	22.754
0.866996	22.4036
0.867096	22.3416
0.867196	22.2788
0.868296	21.8593
0.868396	21.8648
0.868496	21.8779
0.868596	21.8978
0.868696	21.9239
0.868796	21.9551
0.869596	22.2493
0.869696	22.2748
0.869796	22.2947
0.869896	22.3083
0.869996	22.315
0.870096	22.3143
0.870896	22.0316
0.870996	21.9651
0.871096	21.8938
0.872196	21.153
0.872296	21.127
0.872396	21.1129
0.872496	21.1112
0.872596	21.1219
0.872696	21.1448
0.873496	21.6434
0.873596	21.7233
0.873696	21.8019
0.874796	22.2679
0.874896	22.2574
0.874996	22.2373
0.876096	21.5321
0.876196	21.4497
0.876296	21.3703
0.876596	21.1664
0.877396	21.0792
0.877496	21.1207
0.877596	21.1716
0.878696	21.9349
0.878796	21.9885
0.878896	22.0355
0.879996	22.0935
0.880096	22.0671
0.880196	22.0389
0.881296	21.9397
0.881396	21.9738
0.881496	22.0165
0.881596	22.0675
0.881696	22.1261
0.882508	22.7559
0.882608	22.834
0.893896	23.204
0.893996	23.1339
0.894096	23.063
0.895196	22.4959
0.895296	22.4789
0.895396	22.4678
0.895496	22.4622
0.896696	22.4982
0.896796	22.4825
0.896896	22.4606
0.897996	21.8125
0.898096	21.7291
0.898196	21.6461
0.898296	21.5647
0.898496	21.4139
0.899296	21.1868
0.899396	21.2165
0.899496	21.2592
0.900596	22.7526
0.900696	22.8408
0.900796	22.9277
0.901896	23.5122
0.901996	23.5164
0.902096	23.5116
0.903296	22.8904
0.903396	22.8149
0.903496	22.7408
0.903596	22.6694
0.903696	22.6019
0.903796	22.5395
0.904596	22.3203
0.904696	22.3314
0.904796	22.3497
0.905896	22.7126
0.905996	22.7313
0.906096	22.7438
0.907196	22.4228
0.907296	22.3589
0.907396	22.2924
0.907496	22.2244
0.907696	22.0892
0.908496	21.7579
0.908596	21.7583
0.908696	21.7697
0.908896	21.8244
0.909796	22.3941
0.909896	22.4629
0.909996	22.5278
0.911096	22.7614
0.911196	22.7293
0.911296	22.6885
0.911396	22.6395
0.911496	22.5828
0.912396	21.896
0.912496	21.8252
0.912596	21.7612
0.913696	21.791
0.913796	21.8597
0.913896	21.9351
0.914996	22.7877
0.915096	22.8384
0.915196	22.8819
0.916296	22.9222
0.916396	22.8996
0.916496	22.8762
0.917596	22.8405
0.917696	22.8731
0.917796	22.9119
0.918896	23.5104
0.918996	23.5546
0.919096	23.593
0.920196	23.5005
0.920396	23.3737
0.921496	22.3656
0.921596	22.2817
0.921696	22.2056
0.921796	22.1384
0.921896	22.0815
0.921996	22.0358
0.922796	22.0972
0.922896	22.1494
0.922996	22.2076
0.924096	22.861
0.924196	22.897
0.924296	22.9271
0.925396	22.9561
0.925496	22.9487
0.925596	22.9435
0.925696	22.9415
0.926696	23.2311
0.926796	23.2934
0.926896	23.3601
0.927196	23.577
0.927996	24.1059
0.928096	24.1508
0.928196	24.1888
0.929896	23.6172
0.929996	23.5272
0.930096	23.4355
0.931196	22.6309
0.931296	22.6001
0.931396	22.5779
0.932496	22.7011
0.932596	22.7188
0.932696	22.7332
0.933796	22.5515
0.933896	22.5051
0.933996	22.456
0.934096	22.4052
0.934196	22.3537
0.934296	22.3027
0.935096	22.0679
0.935196	22.0767
0.935296	22.0961
0.936396	22.8451
0.936496	22.9322
0.936596	23.0169
0.937696	23.5332
0.937796	23.5296
0.937896	23.5171
0.939096	22.8425
0.939196	22.7681
0.939296	22.6962
0.940396	22.3461
0.940496	22.3635
0.940596	22.3873
0.941696	22.7458
0.941796	22.7592
0.941896	22.7661
0.942996	22.385
0.943096	22.3188
0.943196	22.2509
0.944296	21.7744
0.944396	21.7842
0.944496	21.8049
0.945596	22.4701
0.945696	22.5356
0.945796	22.5964
0.946896	22.7513
0.946996	22.7117
0.947096	22.6638
0.947196	22.6081
0.947296	22.5455
0.948196	21.8517
0.948296	21.7867
0.948496	21.6827
0.949496	21.8663
0.949596	21.9408
0.949696	22.0207
0.950796	22.8484
0.950896	22.893
0.950996	22.9301
0.952096	22.9197
0.952196	22.8964
0.952296	22.8732
0.953396	22.8849
0.953496	22.9228
0.953596	22.9665
0.954696	23.5654
0.954796	23.6047
0.954896	23.6377
0.956096	23.4006
0.956196	23.3271
0.956296	23.247
0.956496	23.07
0.957396	22.2327
0.957496	22.1642
0.957596	22.1058
0.957696	22.0584
0.958696	22.2158
0.958796	22.2779
0.958896	22.3431
0.958996	22.4101
0.959096	22.4776
0.959996	22.94
0.960096	22.965
0.960196	22.9842
0.961296	22.9609
0.961396	22.9584
0.961496	22.9598
0.961696	22.9777
0.961796	22.9954
0.962596	23.3672
0.962696	23.4369
0.962796	23.5092
0.962896	23.5832
0.963896	24.2006
0.963996	24.2322
0.964096	24.256
0.965196	23.9661
0.965296	23.8939
0.965396	23.816
0.966496	22.8672
0.966596	22.8014
0.966696	22.7435
0.966796	22.6938
0.966896	22.6529
0.967796	22.6295
0.967896	22.6508
0.967996	22.6729
0.968196	22.7151
0.968296	22.7333
0.969096	22.715
0.969196	22.6876
0.969296	22.6547
0.970396	22.1519
0.970496	22.1221
0.970596	22.1003
0.971696	22.5026
0.971796	22.5862
0.971896	22.6727
0.972996	23.4682
0.973096	23.502
0.973196	23.527
0.973496	23.5475
0.974296	23.2346
0.974396	23.1668
0.974496	23.0953
0.975596	22.4029
0.975696	22.3767
0.975796	22.3597
0.976896	22.6133
0.976996	22.6499
0.977096	22.6839
0.978196	22.678
0.978296	22.6357
0.978396	22.5872
0.979496	21.9077
0.979596	21.8651
0.979696	21.8312
0.979796	21.8071
0.979896	21.7935
0.979996	21.7907
0.980796	22.1201
0.980896	22.1905
0.980996	22.2628
0.981096	22.3357
0.981296	22.4772
0.982096	22.8285
0.982196	22.836
0.982296	22.8342
0.983396	22.2728
0.983496	22.1909
0.983596	22.1089
0.984696	21.6391
0.984796	21.6638
0.984896	21.7006
0.985996	22.5316
0.986096	22.6083
0.986196	22.6801
0.987296	23.0213
0.987396	23.0127
0.987496	22.9994
0.988596	22.8106
0.988696	22.8143
0.988796	22.8247
0.989896	23.3101
0.989996	23.3689
0.990096	23.426
0.990196	23.4801
0.991196	23.6932
0.991296	23.6705
0.991396	23.6389
0.992496	22.8093
0.992596	22.7099
0.992696	22.6116
0.992796	22.5159
0.992896	22.4244
0.992996	22.3386
0.993796	22.0065
0.993896	22.0183
0.993996	22.0414
0.995096	22.6786
0.995196	22.737
0.995296	22.7909
0.995496	22.8833
0.995596	22.921
0.996396	23.0238
0.996496	23.0178
0.996596	23.0099
0.997696	23.0625
0.997796	23.0992
0.997896	23.1426
0.998996	23.8824
0.999096	23.9501
0.999196	24.0137
1.0003	21.8222
1.0004	21.7831
1.0005	21.7324
1.0006	21.67
1.0007	21.5959
1.0008	21.5102
1.0016	20.4561
1.0017	20.2904
1.0018	20.1215
1.0019	19.9513
1.0021	19.6156
1.0031	18.6171
1.0032	18.6151
1.0033	18.6305
1.0034	18.6614
1.0035	18.7059
1.0036	18.7614
1.0044	19.3269
1.0045	19.3842
1.0046	19.4342
1.0059	19.4161
1.006	19.3888
1.0061	19.3645
1.0072	19.6629
1.0073	19.7531
1.0074	19.8512
1.0085	20.9947
1.0086	21.0672
1.0087	21.13
1.0098	21.0511
1.0099	20.9719
1.01	20.8818
1.0111	19.4641
1.0112	19.3371
1.01139	19.1157
1.0114	19.1115
1.0115	19.0167
1.0124	18.8268
1.0125	18.8664
1.0126	18.9118
1.0137	19.2475
1.0138	19.2279
1.0139	19.1968
1.015	18.2307
1.0151	18.1185
1.0152	18.0113
1.0153	17.9119
1.0154	17.823
1.0155	17.7474
1.0163	17.8174
1.0164	17.9105
1.0165	18.0169
1.0176	19.3085
1.0177	19.3827
1.0178	19.444
1.0191	18.9702
1.0192	18.8499
1.0193	18.7233
1.0204	17.6682
1.0205	17.6744
1.0206	17.7048
1.0207	17.7584
1.0208	17.8338
1.0217	19.0461
1.0218	19.1883
1.0219	19.3237
1.023	20.1165
1.0231	20.1199
1.0232	20.1131
1.0243	19.6783
1.0244	19.642
1.0245	19.6125
1.0256	19.8751
1.0257	19.9392
1.0258	20.0046
1.0269	20.4006
1.027	20.3789
1.0271	20.3446
1.0282	19.1385
1.0283	18.9695
1.0284	18.797
1.0285	18.6235
1.0286	18.4519
1.0287	18.2856
1.0295	17.5692
1.0296	17.5966
1.0297	17.6521
1.0299	17.8389
1.03	17.9641
1.0308	19.2701
1.0309	19.4275
1.031	19.5769
1.0323	20.6117
1.0324	20.6309
1.0325	20.6452
1.0336	20.8037
1.0337	20.8422
1.0338	20.8866
1.0349	21.6009
1.035	21.6614
1.0351	21.7166
1.0362	21.7572
1.0363	21.6965
1.0364	21.6241
1.0365	21.5401
1.0367	21.338
1.0375	20.1627
1.0376	19.9926
1.0377	19.8229
1.0388	18.6358
1.0389	18.6312
1.039	18.6442
1.0391	18.673
1.0392	18.7157
1.0393	18.7698
1.0401	19.3351
1.0402	19.3933
1.0403	19.4444
1.0417	19.4095
1.0418	19.3846
1.0419	19.3641
1.043	19.7566
1.0431	19.8537
1.0432	19.9573
1.0443	21.0744
1.0444	21.1385
1.0445	21.1923
1.0456	21.0008
1.0457	20.9122
1.0458	20.8133
1.0469	19.3716
1.047	19.2521
1.0471	19.143
1.0472	19.0463
1.0473	18.9634
1.0474	18.8955
1.0482	18.8773
1.0483	18.922
1.0484	18.9707
1.0495	19.2483
1.0496	19.2189
1.0497	19.178
1.0508	18.1512
1.0509	18.0431
1.051	17.9424
1.0511	17.8518
1.0512	17.7742
1.0513	17.712
1.0521	17.9132
1.0522	18.0179
1.0523	18.1335
1.0534	19.3898
1.0535	19.4529
1.0536	19.5026
1.0549	18.8845
1.055	18.7586
1.0551	18.6283
1.0562	17.689
1.0563	17.7159
1.0564	17.7663
1.0565	17.8387
1.0575	19.1853
1.0576	19.3217
1.0577	19.4501
1.0588	20.1369
1.0589	20.1316
1.059	20.1168
1.0601	19.6637
1.0602	19.6332
1.0603	19.6105
1.0604	19.5966
1.0605	19.5923
1.0606	19.5978
1.0614	19.9469
1.0615	20.0122
1.0616	20.0774
1.0627	20.3997
1.0628	20.3672
1.0629	20.3218
1.064	19.0109
1.0641	18.8387
1.0642	18.6651
1.0643	18.4931
1.0644	18.3258
1.0645	18.1668
1.0653	17.6079
1.0654	17.6594
1.0655	17.7375
1.0656	17.8395
1.0657	17.9621
1.0658	18.1018
1.0666	19.4224
1.0667	19.573
1.0668	19.7148
1.0681	20.6454
1.0682	20.6604
1.0683	20.6714
1.0694	20.8532
1.0695	20.8968
1.0696	20.9463
1.0707	21.67
1.0708	21.726
1.0709	21.776
1.072	21.7228
1.0721	21.6521
1.0722	21.5697
1.0723	21.4759
1.0725	21.2549
1.0733	20.0338
1.0734	19.864
1.0735	19.6965
1.0737	19.3783
1.0746	18.6477
1.0747	18.6582
1.0748	18.6849
1.0749	18.7258
1.075	18.7784
1.0759	19.4023
1.076	19.4545
1.0761	19.4989
1.0774	19.4302
1.0775	19.4049
1.0776	19.3837
1.0787	19.7603
1.0788	19.8563
1.0789	19.9591
1.08	21.0813
1.0801	21.1469
1.0802	21.2022
1.0813	21.0295
1.0814	20.9425
1.0815	20.845
1.0826	19.4064
1.0827	19.2855
1.0828	19.1748
1.083	18.9913
1.0831	18.9212
1.0839	18.8883
1.084	18.9323
1.0841	18.9805
1.0852	19.2685
1.0853	19.2407
1.0854	19.2015
1.0865	18.1841
1.0866	18.0751
1.0867	17.9732
1.0868	17.881
1.0869	17.8013
1.087	17.7368
1.0878	17.9163
1.0879	18.0192
1.088	18.1334
1.0891	19.3967
1.0892	19.4617
1.0893	19.5133
1.0904	19.1466
1.0906	18.9189
1.0917	17.729
1.0918	17.7046
1.09199	17.7261
1.092	17.7276
1.0921	17.7747
1.093	18.89
1.0931	19.0383
1.0932	19.1821
1.0943	20.1303
1.0944	20.1475
1.0945	20.1538
1.0956	19.7669
1.0957	19.7237
1.0958	19.6856
1.0959	19.654
1.0969	19.8309
1.097	19.8911
1.0971	19.9546
1.0982	20.4444
1.0983	20.4384
1.0984	20.4203
1.0995	19.3808
1.0996	19.2196
1.0997	19.0521
1.0998	18.8804
1.0999	18.7069
1.1	18.5344
1.1008	16.244
1.1009	16.5865
1.101	16.9088
1.1023	18.7202
1.1024	18.6794
1.1025	18.6162
1.1036	17.0695
1.1037	16.9554
1.1038	16.8704
1.1039	16.82
1.104	16.8085
1.1041	16.8385
1.1049	18.286
1.105	18.5394
1.1051	18.7906
1.1062	20.6541
1.1063	20.7087
1.1064	20.7419
1.1075	19.7185
1.1076	19.5088
1.1077	19.2837
1.1088	16.8035
1.1089	16.7133
1.109	16.6661
1.1091	16.6622
1.1092	16.6995
1.1093	16.7742
1.1101	18.0036
1.1102	18.1531
1.1103	18.2886
1.1114	18.4953
1.1115	18.3911
1.1116	18.2692
1.1127	16.7514
1.1128	16.7395
1.1129	16.7726
1.113	16.8519
1.1131	16.9764
1.1132	17.1428
1.114	19.2633
1.1141	19.5396
1.1145	20.512
1.1153	21.6003
1.1154	21.6506
1.1155	21.6823
1.1166	20.9498
1.1167	20.8085
1.1168	20.6611
1.118	19.3112
1.1181	19.2965
1.1182	19.299
1.1183	19.317
1.1184	19.3481
1.1185	19.3896
1.1193	19.7486
1.1195	19.7512
1.1196	19.7283
1.1198	19.6271
1.1206	18.3293
1.1207	18.0555
1.1208	17.7566
1.1219	14.1183
1.122	14.0431
1.1221	14.0678
1.1222	14.1911
1.1223	14.404
1.1224	14.6913
1.1232	17.7823
1.1233	18.1198
1.1234	18.4323
1.1245	20.1595
1.1246	20.1707
1.1247	20.1601
1.1258	18.9423
1.1259	18.782
1.126	18.6266
1.1274	18.5594
1.1275	18.693
1.1276	18.8282
1.1287	19.6091
1.1288	19.5691
1.1289	19.5058
1.13	17.1324
1.1301	16.7673
1.1302	16.3847
1.1303	15.9899
1.1304	15.5905
1.1305	15.1963
1.1314	14.1917
1.1315	14.476
1.1316	14.8053
1.1317	15.1627
1.1318	15.5334
1.1319	15.9054
1.1327	18.2004
1.1328	18.3653
1.1329	18.5008
1.134	18.051
1.1341	17.8346
1.1342	17.5899
1.1343	17.3175
1.1344	17.019
1.1345	16.6962
1.1353	13.9612
1.1354	13.7726
1.1355	13.6668
1.1356	13.652
1.1357	13.7291
1.1358	13.8917
1.1366	16.5557
1.1367	16.8811
1.1371	17.9367
1.138	18.7411
1.1381	18.7036
1.1382	18.6435
1.1393	17.1048
1.1394	16.987
1.1395	16.8975
1.1396	16.8419
1.1397	16.8246
1.1398	16.8486
1.1406	18.2669
1.1407	18.5202
1.1408	18.772
1.1419	20.6616
1.142	20.7192
1.1421	20.7555
1.1432	19.7641
1.1433	19.5567
1.1434	19.3337
1.1445	16.8367
1.1446	16.7406
1.1447	16.6872
1.1448	16.6771
1.1449	16.7087
1.145	16.7784
1.1458	17.9982
1.1459	18.1495
1.146	18.2872
1.1471	18.5257
1.1472	18.4241
1.1473	18.3046
1.1484	16.7736
1.1485	16.7555
1.1486	16.7821
1.1487	16.8548
1.1488	16.973
1.1489	17.1337
1.1497	19.2401
1.1498	19.5178
1.1502	20.4986
1.151	21.6086
1.1511	21.6616
1.1512	21.6959
1.1523	20.9864
1.1524	20.8461
1.1525	20.6994
1.1538	19.3145
1.1539	19.3147
1.154	19.3306
1.1541	19.3599
1.1542	19.4002
1.1543	19.4483
1.1551	19.7741
1.1552	19.7701
1.1553	19.7497
1.1564	18.1131
1.1565	17.8178
1.1566	17.4982
1.1569	16.4162
1.1577	14.0649
1.1578	14.0751
1.1579	14.1848
1.158	14.3856
1.1581	14.6634
1.1582	15.0003
1.159	18.0901
1.1591	18.4063
1.1592	18.6965
1.1603	20.1874
1.1604	20.1799
1.1605	20.1514
1.1616	18.8217
1.1617	18.6654
1.1618	18.5175
1.1631	18.5577
1.1632	18.6908
1.1633	18.826
1.1644	19.63
1.1645	19.5932
1.1646	19.5333
1.1657	17.1999
1.1658	16.8377
1.1659	16.4572
1.166	16.0638
1.1661	15.6645
1.1662	15.2689
1.167	13.962
1.16729	14.759
1.1673	14.7732
1.1683	17.993
1.1684	18.1914
1.1685	18.3606
1.1696	18.2798
1.1697	18.0965
1.1698	17.8843
1.1701	17.0802
1.1709	14.2777
1.171	14.0112
1.1711	13.8118
1.1712	13.6935
1.1713	13.6655
1.1714	13.7296
1.1722	16.177
1.1723	16.5245
1.1724	16.853
1.1738	18.7274
1.1739	18.6705
1.174	18.5919
1.1751	17.0193
1.1752	16.9254
1.1753	16.8646
1.1754	16.8416
1.1755	16.8596
1.1756	16.9197
1.1764	18.501
1.1765	18.7533
1.1766	19.0005
1.1777	20.7293
1.1778	20.7686
1.1779	20.7866
1.179	19.6043
1.1791	19.3835
1.1792	19.1487
1.1803	16.7688
1.1804	16.7092
1.1805	16.693
1.1806	16.7188
1.1807	16.7833
1.1808	16.8816
1.1816	18.1457
1.1817	18.2855
1.1818	18.4097
1.1829	18.4568
1.183	18.3397
1.1831	18.2064
1.1842	16.7725
1.1843	16.7925
1.1844	16.8586
1.1845	16.9704
1.1846	17.1253
1.1847	17.3187
1.1855	19.4958
1.1859	20.485
1.1868	21.6722
1.1869	21.7092
1.187	21.7277
1.1881	20.8837
1.1882	20.7378
1.1883	20.5872
1.1895	19.3329
1.1896	19.3307
1.1897	19.3444
1.1898	19.372
1.1899	19.4109
1.19	19.4581
1.1908	19.7904
1.1909	19.7887
1.191	19.7707
1.1921	18.1703
1.1922	17.8785
1.1923	17.5623
1.1934	14.0887
1.1935	14.0845
1.1936	14.1803
1.1937	14.3689
1.1938	14.6367
1.1939	14.9663
1.1947	18.0599
1.1948	18.3797
1.1949	18.6737
1.196	20.2038
1.1961	20.1994
1.1962	20.1738
1.1973	18.8615
1.1974	18.7043
1.1975	18.555
1.1986	18.316
1.1989	18.6886
1.2	19.6617
1.2001	19.0984
1.2002	19.2537
1.2005	19.7273
1.2013	20.6038
1.2014	20.6476
1.2015	20.6746
1.2028	19.6379
1.2029	19.4898
1.203	19.3429
1.2041	18.7649
1.2042	18.8554
1.2043	18.9657
1.2044	19.0923
1.2045	19.2316
1.2046	19.3795
1.2054	20.4909
1.2055	20.5858
1.2056	20.6661
1.2067	20.467
1.2068	20.3537
1.2071	19.9431
1.208	18.6497
1.2081	18.5745
1.2082	18.5255
1.2085	18.5467
1.2093	19.511
1.2095	19.8086
1.2106	20.6133
1.2107	20.5909
1.2108	20.5517
1.2119	19.264
1.212	19.1164
1.2121	18.9766
1.2122	18.8487
1.2123	18.7365
1.2124	18.6439
1.2132	18.8381
1.2133	18.9687
1.2134	19.113
1.2145	20.6427
1.2146	20.7172
1.2147	20.7756
1.2158	20.3321
1.2159	20.2044
1.216	20.0669
1.2171	18.6959
1.2172	18.6696
1.2173	18.6703
1.2174	18.6978
1.2175	18.7508
1.2176	18.8274
1.2184	19.8823
1.2185	20.0177
1.2186	20.1444
1.2197	20.6124
1.2198	20.5568
1.2199	20.485
1.2202	20.1794
1.22091	19.1107
1.40386	19.2812
1.40391	19.3631
1.4044	20.2365
1.4052	21.2295
1.4053	21.2784
1.4054	21.3084
1.4065	20.4246
1.4066	20.2539
1.4067	20.0754
1.4078	18.7507
1.4079	18.7916
1.40795	18.8247
1.40801	18.8772
1.40811	18.9846
1.4083	19.2504
1.4093	20.9345
1.4094	21.0497
1.4095	21.148
1.4106	20.996
1.4107	20.8733
1.4108	20.7355
1.4109	20.5839
1.411	20.4206
1.4111	20.2476
1.4119	18.944
1.412	18.8582
1.4121	18.8037
1.41315	19.9416
1.4133	20.2039
1.4134	20.3766
1.4145	21.3249
1.4146	21.302
1.4147	21.2601
1.4158	19.762
1.4159	19.5786
1.416	19.4014
1.4161	19.2352
1.41618	19.103
1.4163	18.9566
1.4171	19.0497
1.41711	19.0726
1.4173	19.358
1.4184	21.1141
1.4185	21.1999
1.4186	21.2675
1.4197	20.7704
1.4198	20.6227
1.4199	20.4626
1.42	20.2923
1.4201	20.1143
1.4211	18.786
1.4212	18.791
1.4213	18.8304
1.4224	20.5053
1.4225	20.6612
1.4229	21.1403
1.4232	21.318
1.4238	21.1599
1.4239	21.0683
1.424	20.9595
1.4251	19.1478
1.4252	19.0127
1.4253	18.9021
1.4254	18.8204
1.4255	18.7708
1.4256	18.7555
1.4264	19.6764
1.4265	19.8613
1.4266	20.0462
1.4277	21.3419
1.4278	21.3574
1.4279	21.3536
1.4282	21.2273
1.429	20.1587
1.4291	19.9762
1.4292	19.7915
1.4294	19.4322
1.4295	19.2668
1.4303	18.8629
1.4304	18.9567
1.4305	19.0776
1.4316	20.8917
1.4317	21.0094
1.4318	21.1105
1.4329	20.9939
1.433	20.8739
1.4331	20.7385
1.4333	20.4276
1.4334	20.2561
1.4342	18.9441
1.4343	18.8549
1.4344	18.7969
1.4345	18.7727
1.4346	18.7832
1.4347	18.8282
1.4355	20.012
1.4356	20.1944
1.4357	20.3709
1.4368	21.372
1.4369	21.3543
1.437	21.3175
1.4381	19.8582
1.4382	19.6741
1.4383	19.4949
1.4384	19.3253
1.4385	19.1703
1.4386	19.035
1.4397	19.5054
1.4398	19.6838
1.4399	19.8666
1.441	21.2899
1.4411	21.3225
1.4412	21.336
1.4423	20.2961
1.4424	20.1185
1.4425	19.9358
1.4436	18.801
1.4437	18.8704
1.4438	18.9703
1.4439	19.0967
1.444	19.245
1.4441	19.4101
1.4449	20.8006
1.4451	21.0516
1.4462	21.1335
1.4463	21.0295
1.4464	20.9091
1.4465	20.7733
1.4466	20.6236
1.4467	20.4618
1.4475	19.0935
1.4476	18.976
1.4477	18.8859
1.4488	19.8338
1.4489	20.0162
1.449	20.1959
1.4501	21.3446
1.4502	21.3438
1.4503	21.3238
1.4514	19.9909
1.4515	19.8058
1.4516	19.6218
1.4517	19.4434
1.4518	19.2754
1.4519	19.1228
1.4527	18.929
1.4528	19.0479
1.4529	19.1903
1.4542	21.206
1.4543	21.2763
1.4544	21.3278
1.4555	20.6619
1.4556	20.5035
1.4557	20.3345
1.4558	20.1574
1.4559	19.9753
1.456	19.7917
1.4568	18.8054
1.4569	18.8055
1.457	18.84
1.4571	18.9074
1.4581	20.4994
1.4582	20.657
1.4583	20.8018
1.4586	21.1451
1.4594	21.2598
1.4595	21.1889
1.4596	21.0998
1.4607	19.3433
1.4608	19.1861
1.4609	19.0479
1.461	18.9335
1.4611	18.8474
1.4612	18.7931
1.4621	19.6676
1.4622	19.8521
1.4623	20.0372
1.4634	21.3554
1.4635	21.3737
1.4636	21.3726
1.4639	21.2545
1.4647	20.2017
1.4648	20.0198
1.4649	19.8352
1.4651	19.4742
1.4652	19.3069
1.466	18.8692
1.4661	18.9589
1.4662	19.0762
1.4673	20.8908
1.4674	21.0109
1.4675	21.1144
1.4686	21.027
1.4687	20.9093
1.4688	20.7761
1.4691	20.2985
1.4699	18.9765
1.47	18.8831
1.4701	18.8205
1.4702	18.7913
1.4703	18.7969
1.4704	18.8371
1.4712	20.0029
1.4713	20.186
1.4714	20.3635
1.4725	21.3903
1.4726	21.3754
1.4727	21.3412
1.4738	19.9019
1.4739	19.7175
1.474	19.5373
1.4741	19.3661
1.4742	19.2087
1.4743	19.0702
1.4754	19.4978
1.4755	19.6753
1.4756	19.8577
1.4767	21.301
1.4768	21.3364
1.4769	21.3526
1.478	20.3382
1.4781	20.1616
1.4782	19.9794
1.4793	18.8111
1.4794	18.8759
1.4795	18.9716
1.4796	19.0945
1.4797	19.24
1.4798	19.403
1.4806	20.7976
1.4808	21.0531
1.4819	21.1642
1.482	21.0627
1.4821	20.9446
1.4822	20.8109
1.4823	20.6631
1.4824	20.5029
1.4832	19.1296
1.4833	19.0085
1.4834	18.9142
1.4845	19.8251
1.4846	20.0075
1.4847	20.1878
1.4858	21.3605
1.4859	21.3624
1.486	21.3451
1.4871	20.0345
1.4872	19.8495
1.4873	19.6652
1.4874	19.4857
1.4875	19.3159
1.4876	19.1608
1.4884	18.9315
1.4885	19.0467
1.4886	19.186
1.4899	21.2118
1.49	21.2847
1.4901	21.339
1.4912	20.7009
1.4913	20.5441
1.4914	20.3765
1.4915	20.2004
1.49161	19.9881
1.49271	18.8565
