0.001 1 2 33.3834
0.001 1 3 8.09834
0.001 1 4 12.4861
0.001 1 5 12.4337
0.0026 1 2 33.337
0.0026 1 3 6.55629
0.0026 1 4 12.7277
0.0026 1 5 11.0033
0.0042 1 2 33.3009
0.0042 1 3 7.37315
0.0042 1 4 12.3738
0.0042 1 5 9.17635
0.0058 1 2 33.2363
0.0058 1 3 6.14834
0.0058 1 4 12.2631
0.0058 1 5 10.0726
0.0074 1 2 33.1644
0.0074 1 3 6.08521
0.0074 1 4 12.5539
0.0074 1 5 9.88504
0.009 1 2 33.1198
0.009 1 3 5.97323
0.009 1 4 12.3247
0.009 1 5 11.0834
0.0106 1 2 33.0922
0.0106 1 3 7.11883
0.0106 1 4 12.5636
0.0106 1 5 11.7291
0.0122 1 2 33.0813
0.0122 1 3 5.59475
0.0122 1 4 12.7745
0.0122 1 5 9.88479
0.0138 1 2 33.1161
0.0138 1 3 7.80605
0.0138 1 4 12.4308
0.0138 1 5 9.57328
0.0154 1 2 33.1597
0.0154 1 3 6.42928
0.0154 1 4 12.5842
0.0154 1 5 9.42437
0.017 1 2 33.2003
0.017 1 3 6.87955
0.017 1 4 12.4874
0.017 1 5 8.20001
0.0186 1 2 33.2719
0.0186 1 3 7.00374
0.0186 1 4 12.1665
0.0186 1 5 9.87137
0.0202 1 2 33.3037
0.0202 1 3 6.78424
0.0202 1 4 12.5506
0.0202 1 5 9.395
