0.112	0	0	0	0
0.113	63	0	0	0
0.114	0	0	0	0
0.115	0	0	0	0
0.116	0	0	0	0
0.117	0	0	0	0
0.118	0	0	0	0
0.119	0	0	0	0
0.12	0	0	0	0
0.121	0	0	0	0
0.122	0	0	0	0
0.123	0	0	0	0
0.124	0	0	0	0
0.125	0	0	0	0
0.126	0	0	0	0
0.127	0	0	0	0
0.128	0	0	0	0
0.129	0	0	0	0
0.13	0	0	0	0
0.131	0	0	0	0
0.132	0	0	0	0
0.133	0	0	0	0
0.134	0	0	0	0
0.135	0	0	0	0
0.136	0	0	0	0
0.137	0	0	0	0
0.138	0	0	0	0
0.139	0	0	0	0
0.14	0	0	0	0
0.141	0	0	0	0
0.142	0	0	0	0
0.143	0	0	0	0
0.144	0	0	0	0
0.145	0	0	0	0
0.146	0	0	0	0
0.147	0	0	0	0
0.148	1516	0	0	0
0.149	1520	0	0	0
0.15	0	0	0	0
0.151	0	0	0	0
0.152	0	0	0	0
0.153	0	0	0	0
0.154	0	0	0	0
0.155	0	0	0	0
0.156	0	0	0	0
0.157	0	0	0	0
0.158	0	0	0	0
0.159	0	0	0	0
0.16	0	0	0	0
0.161	0	0	0	0
0.162	0	0	0	0
0.163	0	0	0	0
0.164	0	0	0	0
0.165	0	0	0	0
0.166	0	0	0	0
0.167	0	0	0	0
0.168	0	0	0	0
0.169	0	0	0	0
0.17	0	0	0	0
0.171	0	0	0	0
0.172	0	0	0	0
0.173	0	0	0	0
0.174	0	0	0	0
0.175	0	0	0	0
0.176	0	0	0	0
0.177	0	0	0	0
0.178	0	0	0	0
0.179	0	0	0	0
0.18	0	0	0	0
0.181	0	0	0	0
0.182	0	0	0	0
0.183	0	0	0	0
0.184	2914	0	0	0
0.185	2924	0	0	0
0.186	0	0	0	0
0.187	0	0	0	0
0.188	0	0	0	0
0.189	0	0	0	0
0.19	0	0	0	0
0.191	0	0	0	0
0.192	0	0	0	0
0.193	0	0	0	0
0.194	0	0	0	0
0.195	0	0	0	0
0.196	0	0	0	0
0.197	0	0	0	0
0.198	0	0	0	0
0.199	0	0	0	0
0.2	0	0	0	0
0.201	0	0	0	0
0.202	0	0	0	0
0.203	0	0	0	0
0.204	0	0	0	0
0.205	0	0	0	0
0.206	0	0	0	0
0.207	0	0	0	0
0.208	0	0	0	0
0.209	0	0	0	0
0.21	0	0	0	0
0.211	0	0	0	0
0.212	0	0	0	0
0.213	0	0	0	0
0.214	0	0	0	0
0.215	0	0	0	0
0.216	0	0	0	0
0.217	0	0	0	0
0.218	0	0	0	0
0.219	0	0	0	0
0.22	4369	0	0	0
0.221	4385	0	0	0
0.222	1001	0	0	0
0.223	1001	0	0	0
0.224	1001	0	0	0
0.225	1001	0	0	0
0.226	1001	0	0	0
0.227	1001	0	0	0
0.228	1001	0	0	0
0.229	1001	0	0	0
0.23	1001	0	0	0
0.231	1001	0	0	0
0.232	1001	0	0	0
0.233	1001	0	0	0
0.234	1001	0	0	0
0.235	1001	0	0	0
0.236	1001	0	0	0
0.237	1001	0	0	0
0.238	1001	0	0	0
0.239	1001	0	0	0
0.24	1001	0	0	0
0.241	1001	0	0	0
0.242	0	0	0	0
0.243	0	0	0	0
0.244	0	0	0	0
0.245	0	0	0	0
0.246	0	0	0	0
0.247	0	0	0	0
0.248	0	0	0	0
0.249	0	0	0	0
0.25	0	0	0	0
0.251	0	0	0	0
0.252	0	0	0	0
0.253	0	0	0	0
0.254	0	0	0	0
0.255	0	0	0	0
0.256	4369	0	0	0
0.257	4385	0	0	0
0.258	1001	0	0	0
0.259	1001	0	0	0
0.26	1001	0	0	0
0.261	1001	0	0	0
0.262	1001	0	0	0
0.263	1001	0	0	0
0.264	1001	0	0	0
0.265	1001	0	0	0
0.266	1001	0	0	0
0.267	1001	0	0	0
0.268	1001	0	0	0
0.269	1001	0	0	0
0.27	1001	0	0	0
0.271	1001	0	0	0
0.272	1001	0	0	0
0.273	1001	0	0	0
0.274	1001	0	0	0
0.275	1001	0	0	0
0.276	1001	0	0	0
0.277	1001	0	0	0
0.278	0	0	0	0
0.279	0	0	0	0
0.28	0	0	0	0
0.281	0	0	0	0
0.282	0	0	0	0
0.283	0	0	0	0
0.284	0	0	0	0
0.285	0	0	0	0
0.286	0	0	0	0
0.287	0	0	0	0
0.288	0	0	0	0
0.289	0	0	0	0
0.29	0	0	0	0
0.291	0	0	0	0
0.292	8734	0	0	0
0.293	8755	0	0	0
0.294	5371	0	0	0
0.295	5371	0	0	0
0.296	5371	0	0	0
0.297	5371	0	0	0
0.298	5371	0	0	0
0.299	5371	0	0	0
0.3	5371	0	0	0
0.301	5371	0	0	0
0.302	5371	0	0	0
0.303	5371	0	0	0
0.304	5371	0	0	0
0.305	5371	0	0	0
0.306	5371	0	0	0
0.307	5371	0	0	0
0.308	5371	0	0	0
0.309	5371	0	0	0
0.31	5371	0	0	0
0.311	5371	0	0	0
0.312	5371	0	0	0
0.313	5371	0	0	0
0.314	0	0	0	0
0.315	0	0	0	0
0.316	0	0	0	0
0.317	0	0	0	0
0.318	0	0	0	0
0.319	0	0	0	0
0.32	0	0	0	0
0.321	0	0	0	0
0.322	0	0	0	0
0.323	0	0	0	0
0.324	0	0	0	0
0.325	0	0	0	0
0.326	0	0	0	0
0.327	0	0	0	0
0.328	13099	0	0	0
0.329	13124	0	0	0
0.33	9740	0	0	0
0.331	9740	0	0	0
0.332	9740	0	0	0
0.333	9740	0	0	0
0.334	9740	0	0	0
0.335	9740	0	0	0
0.336	9740	0	0	0
0.337	9740	0	0	0
0.338	9740	0	0	0
0.339	9740	0	0	0
0.34	9740	0	0	0
0.341	9740	0	0	0
0.342	9740	0	0	0
0.343	9740	0	0	0
0.344	9740	0	0	0
0.345	9740	0	0	0
0.346	9740	0	0	0
0.347	9740	0	0	0
0.348	9740	0	0	0
0.349	9740	0	0	0
0.35	0	0	0	0
0.351	0	0	0	0
0.352	0	0	0	0
0.353	0	0	0	0
0.354	0	0	0	0
0.355	0	0	0	0
0.356	0	0	0	0
0.357	0	0	0	0
0.358	0	0	0	0
0.359	0	0	0	0
0.36	0	0	0	0
0.361	0	0	0	0
0.362	0	0	0	0
0.363	0	0	0	0
0.364	17464	0	0	0
0.365	17498	0	0	0
0.366	14114	0	0	0
0.367	14114	0	0	0
0.368	14114	0	0	0
0.369	14114	0	0	0
0.37	14114	0	0	0
0.371	14114	0	0	0
0.372	14114	0	0	0
0.373	14114	0	0	0
0.374	14114	0	0	0
0.375	14114	0	0	0
0.376	14114	0	0	0
0.377	14114	0	0	0
0.378	14114	0	0	0
0.379	14114	0	0	0
0.38	14114	0	0	0
0.381	14114	0	0	0
0.382	14114	0	0	0
0.383	14114	0	0	0
0.384	14114	0	0	0
0.385	14114	0	0	0
0.386	0	0	0	0
0.387	0	0	0	0
0.388	0	0	0	0
0.389	0	0	0	0
0.39	0	0	0	0
0.391	0	0	0	0
0.392	0	0	0	0
0.393	0	0	0	0
0.394	0	0	0	0
0.395	0	0	0	0
0.396	0	0	0	0
0.397	0	0	0	0
0.398	0	0	0	0
0.399	0	0	0	0
0.4	26194	0	0	0
0.401	26237	0	0	0
0.402	22853	0	0	0
0.403	22853	0	0	0
0.404	22853	0	0	0
0.405	22853	0	0	0
0.406	22853	0	0	0
0.407	22853	0	0	0
0.408	22853	0	0	0
0.409	22853	0	0	0
0.41	22853	0	0	0
0.411	22853	0	0	0
0.412	22853	0	0	0
0.413	22853	0	0	0
0.414	22853	0	0	0
0.415	22853	0	0	0
0.416	22853	0	0	0
0.417	22853	0	0	0
0.418	22853	0	0	0
0.419	22853	0	0	0
0.42	22853	0	0	0
0.421	22853	0	0	0
0.422	0	0	0	0
0.423	0	0	0	0
0.424	0	0	0	0
0.425	0	0	0	0
0.426	0	0	0	0
0.427	0	0	0	0
0.428	0	0	0	0
0.429	0	0	0	0
0.43	0	0	0	0
0.431	0	0	0	0
0.432	0	0	0	0
0.433	0	0	0	0
0.434	0	0	0	0
0.435	0	0	0	0
0.436	39289	0	0	0
0.437	39349	0	0	0
0.438	35965	0	0	0
0.439	35965	0	0	0
0.44	35965	0	0	0
0.441	35965	0	0	0
0.442	35965	0	0	0
0.443	35965	0	0	0
0.444	35965	0	0	0
0.445	35965	0	0	0
0.446	35965	0	0	0
0.447	35965	0	0	0
0.448	35965	0	0	0
0.449	35965	0	0	0
0.45	35965	0	0	0
0.451	35965	0	0	0
0.452	35965	0	0	0
0.453	35965	0	0	0
0.454	35965	0	0	0
0.455	35965	0	0	0
0.456	35965	0	0	0
0.457	35965	0	0	0.0456
0.458	0	0	0	0
0.459	0	0	0	0
0.46	0	0	0	0
0.461	0	0	0	0
0.462	0	0	0	0
0.463	0	0	0	0
0.464	0	0	0	0
0.465	0	0	0	0
0.466	0	0	0	0
0.467	0	0	0	0
0.468	0	0	0	0
0.469	0	0	0	0
0.47	0	0	0	0
0.471	0	0	0	0
0.472	61114	0	0	0
0.473	61201	0	0	0
0.474	57817	0	0	0
0.475	57817	0	0	0
0.476	57817	0	0	0
0.477	57817	0	0	0
0.478	57817	0	0	0
0.479	57817	0	0	0
0.48	57817	0	0	0
0.481	57817	0	0	0
0.482	57817	0	0	0
0.483	57817	0	0	0
0.484	57817	0	0	0
0.485	57817	0	0	0
0.486	57817	0	0	0
0.487	57817	0	0	0
0.488	57817	0	0	0
0.489	57817	0	0	0
0.49	57817	0	0	0
0.491	57817	0	0	0
0.492	57817	0	0	0
0.493	46846	10971	0	0.0492
0.494	0	0	0	0
0.495	0	0	0	0
0.496	0	0	0	0
0.497	0	0	0	0
0.498	0	0	0	0
0.499	0	0	0	0
0.5	0	0	0	0
0.501	0	0	0	0
0.502	0	0	0	0
0.503	0	0	0	0
0.504	0	0	0	0
0.505	0	0	0	0
0.506	0	0	0	0
0.507	0	0	0	0
0.508	85849	0	0	0
0.509	91797	0	0	0
0.51	88413	0	0	0
0.511	88413	0	0	0
0.512	88413	0	0	0
0.513	88413	0	0	0
0.514	88413	0	0	0
0.515	88413	0	0	0
0.516	88413	0	0	0
0.517	88413	0	0	0
0.518	88413	0	0	0
0.519	88413	0	0	0
0.52	88413	0	0	0
0.521	88413	0	0	0
0.522	88413	0	0	0
0.523	88413	0	0	0
0.524	88413	0	0	0
0.525	88413	0	0	0
0.526	88413	0	0	0
0.527	88413	0	0	0
0.528	88413	0	0	0
0.529	0	88413	0	0.0528
0.53	0	0	0	0
0.531	0	0	0	0
0.532	0	0	0	0
0.533	0	0	0	0
0.534	0	0	0	0
0.535	0	0	0	0
0.536	0	0	0	0
0.537	0	0	0	0
0.538	0	0	0	0
0.539	0	0	0	0
0.54	0	0	0	0
0.541	0	0	0	0
0.542	0	0	0	0
0.543	0	0	0	0
0.544	85849	0	0	0
0.545	135500	0	0	0
0.546	132120	0	0	0
0.547	132120	0	0	0
0.548	132120	0	0	0
0.549	132120	0	0	0
0.55	132120	0	0	0
0.551	132120	0	0	0
0.552	132120	0	0	0
0.553	132120	0	0	0
0.554	132120	0	0	0
0.555	132120	0	0	0
0.556	132120	0	0	0
0.557	132120	0	0	0
0.558	132120	0	0	0
0.559	132120	0	0	0
0.56	132120	0	0	0
0.561	132120	0	0	0
0.562	132120	0	0	0
0.563	132120	0	0	0
0.564	132120	0	0	0
0.565	132120	0	0	0
0.566	116899	15221	0	0.0565
0.567	0	0	0	0.0566
0.568	0	0	0	0.0566
0.569	0	0	0	0.0566
0.57	0	0	0	0.0566
0.571	0	0	0	0.0566
0.572	0	0	0	0.0566
0.573	0	0	0	0.0566
0.574	0	0	0	0.0566
0.575	0	0	0	0.0566
0.576	0	0	0	0.0566
0.577	0	0	0	0.0566
0.578	0	0	0	0.0566
0.579	0	0	0	0.0566
0.58	85849	0	0	0
0.581	205343	0	0	0
0.582	202049	0	0	0
0.583	34054	0	0	0
0.584	34054	0	0	0
0.585	34054	0	0	0
0.586	34054	0	0	0
0.587	34054	0	0	0
0.588	34054	0	0	0
0.589	34054	0	0	0
0.59	34054	0	0	0
0.591	34054	0	0	0
0.592	34054	0	0	0
0.593	34054	0	0	0
0.594	34054	0	0	0
0.595	34054	0	0	0
0.596	34054	0	0	0
0.597	34054	0	0	0
0.598	34054	0	0	0
0.599	34054	0	0	0
0.6	34054	0	0	0
0.601	34054	0	0	0
0.602	34043	11	0	0.0601
0.603	0	0	0	0
0.604	0	0	0	0
0.605	0	0	0	0
0.606	0	0	0	0
0.607	0	0	0	0
0.608	0	0	0	0
0.609	0	0	0	0
0.61	0	0	0	0
0.611	0	0	0	0
0.612	0	0	0	0
0.613	0	0	0	0
0.614	0	0	0	0
0.615	0	0	0	0
0.616	85849	0	0	0
0.617	305738	0	0	0
0.618	302569	0	0.0001	0
0.619	83482	0	0	0
0.62	83482	0	0	0
0.621	83482	0	0	0
0.622	83482	0	0	0
0.623	83482	0	0	0
0.624	83482	0	0	0
0.625	83482	0	0	0
0.626	83482	0	0	0
0.627	83482	0	0	0
0.628	83482	0	0	0
0.629	83482	0	0	0
0.63	83482	0	0	0
0.631	83482	0	0	0
0.632	83482	0	0	0
0.633	83482	0	0	0
0.634	83482	0	0	0
0.635	83482	0	0	0
0.636	83482	0	0	0
0.637	83482	0	0	0
0.638	83482	0	0	0
0.639	51096	32386	0	0.0638
0.64	0	0	0	0.0639
0.641	0	0	0	0.0639
0.642	0	0	0	0.0639
0.643	0	0	0	0.0639
0.644	0	0	0	0.0639
0.645	0	0	0	0.0639
0.646	0	0	0	0.0639
0.647	0	0	0	0.0639
0.648	0	0	0	0.0639
0.649	0	0	0	0.0639
0.65	0	0	0	0.0639
0.651	0	0	0	0.0639
0.652	85849	0	0	0
0.653	458513	0	0	0
0.654	455341	0	0.0001	0
0.655	236413	0	0.0002	0
0.656	64752	0	0	0
0.657	64752	0	0	0
0.658	64752	0	0	0
0.659	64752	0	0	0
0.66	64752	0	0	0
0.661	64752	0	0	0
0.662	64752	0	0	0
0.663	64752	0	0	0
0.664	64752	0	0	0
0.665	64752	0	0	0
0.666	64752	0	0	0
0.667	64752	0	0	0
0.668	64752	0	0	0
0.669	64752	0	0	0
0.67	64752	0	0	0
0.671	64752	0	0	0
0.672	64752	0	0	0
0.673	64752	0	0	0
0.674	64752	0	0	0
0.675	64752	0	0	0
0.676	64744	8	0	0.0675
0.677	0	0	0	0
0.678	0	0	0	0
0.679	0	0	0	0
0.68	0	0	0	0
0.681	0	0	0	0
0.682	0	0	0	0
0.683	0	0	0	0
0.684	0	0	0	0
0.685	0	0	0	0
0.686	0	0	0	0
0.687	0	0	0	0
0.688	85849	0	0	0
0.689	689858	0	0	0
0.69	686641	0	0.0001	0
0.691	501826	0	0.0002	0
0.692	258954	0	0.0003	0
0.693	259072	0	0	0
0.694	39981	0	0	0
0.695	39981	0	0	0
0.696	39981	0	0	0
0.697	39981	0	0	0
0.698	39981	0	0	0
0.699	39981	0	0	0
0.7	39981	0	0	0
0.701	39981	0	0	0
0.702	39981	0	0	0
0.703	39981	0	0	0
0.704	39981	0	0	0
0.705	39981	0	0	0
0.706	39981	0	0	0
0.707	39981	0	0	0
0.708	39981	0	0	0
0.709	39981	0	0	0
0.71	39981	0	0	0
0.711	39981	0	0	0
0.712	39981	0	0	0
0.713	34064	5917	0	0.0712
0.714	0	0	0	0
0.715	0	0	0	0
0.716	0	0	0	0
0.717	0	0	0	0
0.718	0	0	0	0
0.719	0	0	0	0
0.72	0	0	0	0
0.721	0	0	0	0
0.722	0	0	0	0
0.723	0	0	0	0
0.724	85849	0	0	0
0.725	810613	0	0	0
0.726	1031536	0	0.0001	0
0.727	808533	0	0.0002	0
0.728	562133	0	0.0003	0
0.729	261042	0	0.0003	0
0.73	261188	0	0	0
0.731	36173	0	0	0
0.732	36173	0	0	0
0.733	36173	0	0	0
0.734	36173	0	0	0
0.735	36173	0	0	0
0.736	36173	0	0	0
0.737	36173	0	0	0
0.738	36173	0	0	0
0.739	36173	0	0	0
0.74	36173	0	0	0
0.741	36173	0	0	0
0.742	36173	0	0	0
0.743	36173	0	0	0
0.744	36173	0	0	0
0.745	36173	0	0	0
0.746	36173	0	0	0
0.747	36173	0	0	0
0.748	36173	0	0	0
0.749	36173	0	0	0
0.75	19161	17012	0	0.0749
0.751	0	0	0	0
0.752	0	0	0	0
0.753	0	0	0	0
0.754	85869	0	0	0
0.755	810655	0	0	0
0.756	1535407	0	0.0001	0
0.757	1372672	0	0.0002	0
0.758	1372882	0	0.0003	0
0.759	1169248	0	0.0003	0
0.76	869359	0	0.0004	0
0.761	613028	0	0.0005	0
0.762	369385	0	0.0006	0
0.763	125211	0	0	0
0.764	125211	0	0	0
0.765	125211	0	0	0
0.766	125211	0	0	0
0.767	125211	0	0	0
0.768	125211	0	0	0
0.769	125211	0	0	0
0.77	125211	0	0	0
0.771	125211	0	0	0
0.772	125211	0	0	0
0.773	125211	0	0	0
0.774	125211	0	0	0
0.775	125211	0	0	0
0.776	125211	0	0	0
0.777	125211	0	0	0
0.778	125211	0	0	0
0.779	125211	0	0	0
0.78	125211	0	0	0
0.781	125211	0	0	0
0.782	125211	0	0	0
0.783	0	125211	0	0.0782
0.784	0	0	0	0.0783
0.785	85869	0	0	0
0.786	810697	0	0	0
0.787	1482409	0	0.0001	0
0.788	1965040	0	0.0002	0
0.789	1873663	0	0.0003	0
0.79	1596385	0	0.0003	0
0.791	1596577	0	0.0004	0
0.792	1412576	0	0.0005	0
0.793	1148561	0	0.0006	0
0.794	944900	0	0.0006	0
0.795	945116	0	0.0007	0
0.796	678601	0	0.0008	0
0.797	477045	0	0.0009	0
0.798	237471	0	0.0009	0
0.799	237515	0	0	0
0.8	6	0	0	0
0.801	6	0	0	0
0.802	6	0	0	0
0.803	6	0	0	0
0.804	6	0	0	0
0.805	6	0	0	0
0.806	6	0	0	0
0.807	6	0	0	0
0.808	6	0	0	0
0.809	6	0	0	0
0.81	6	0	0	0
0.811	6	0	0	0
0.812	6	0	0	0
0.813	6	0	0	0
0.814	6	0	0	0
0.815	6	0	0	0
0.816	6	0	0	0
0.817	6	0	0	0
0.818	6	0	0	0
0.819	6	0	0	0
0.82	0	0	0	0
0.821	85873	0	0	0
0.822	810741	0	0	0
0.823	1469707	0	0.0001	0
0.824	1897643	0	0.0002	0
0.825	2321146	0	0.0002	0
0.826	2816123	0	0.0003	0
0.827	2571339	0	0.0004	0
0.828	2272450	0	0.0004	0
0.829	1971364	0	0.0005	0
0.83	1725317	0	0.0006	0
0.831	1725595	0	0.0006	0
0.832	1424575	0	0.0007	0
0.833	1123553	0	0.0008	0
0.834	1123803	0	0.0009	0
0.835	869626	0	0.0009	0
0.836	524958	0	0.001	0
0.837	223823	0	0	0
0.838	0	0	0	0
0.839	0	0	0	0
0.84	0	0	0	0
0.841	0	0	0	0
0.842	0	0	0	0
0.843	0	0	0	0
0.844	0	0	0	0
0.845	0	0	0	0
0.846	0	0	0	0
0.847	0	0	0	0
0.848	0	0	0	0
0.849	0	0	0	0
0.85	0	0	0	0
0.851	0	0	0	0
0.852	0	0	0	0
0.853	0	0	0	0
0.854	0	0	0	0
0.855	0	0	0	0
0.856	0	0	0	0
0.857	85849	0	0	0
0.858	810627	0	0	0
0.859	1536478	0	0.0001	0
0.86	2003807	0	0.0002	0
0.861	2728610	0	0.0003	0
0.862	3457845	0	0.0003	0
0.863	3639452	0	0.0004	0
0.864	4065151	0	0.0005	0
0.865	3845720	0	0.0005	0
0.866	3551960	0	0.0006	0
0.867	3552240	0	0.0007	0
0.868	3251219	0	0.0007	0
0.869	2950196	0	0.0008	0
0.87	2950444	0	0.0009	0
0.871	2652621	0	0.0009	0
0.872	2378220	0	0.001	0
0.873	2077110	0	0.0011	0
0.874	1850005	0	0.0012	0
0.875	1603795	0	0.0012	0
0.876	1604074	0	0.0013	0
0.877	1302960	0	0.0014	0
0.878	1119005	0	0.0014	0
0.879	925288	0	0.0015	0
0.88	925568	0	0.0016	0
0.881	560494	0	0.0017	0
0.882	259398	0	0	0
0.883	0	0	0	0
0.884	0	0	0	0
0.885	0	0	0	0
0.886	0	0	0	0
0.887	0	0	0	0
0.888	0	0	0	0
0.889	0	0	0	0
0.89	0	0	0	0
0.891	0	0	0	0
0.892	0	0	0	0
0.893	85849	0	0	0
0.894	810673	0	0	0
0.895	1536525	0	0.0001	0
0.896	1964451	0	0.0002	0
0.897	2459297	0	0.0003	0
0.898	3188531	0	0.0003	0
0.899	3554720	0	0.0004	0
0.9	3980357	0	0.0005	0
0.901	4525406	0	0.0005	0
0.902	5254665	0	0.0006	0
0.903	5616439	0	0.0007	0
0.904	5851041	0	0.0007	0
0.905	5502113	0	0.0008	0
0.906	5502391	0	0.0009	0
0.907	5201371	0	0.0009	0
0.908	4900349	0	0.001	0
0.909	4601459	0	0.0011	0
0.91	4301500	0	0.0011	0
0.911	4301778	0	0.0012	0
0.912	4005020	0	0.0013	0
0.913	3706094	0	0.0013	0
0.914	3436624	0	0.0014	0
0.915	3436904	0	0.0015	0
0.916	3135884	0	0.0016	0
0.917	2834862	0	0.0016	0
0.918	2533840	0	0.0017	0
0.919	2534120	0	0.0018	0
0.92	2233075	0	0.0018	0
0.921	1955477	0	0.0019	0
0.922	1649129	0	0.002	0
0.923	1351304	0	0.002	0
0.924	1351584	0	0.0021	0
0.925	1050565	0	0.0022	0
0.926	749543	0	0.0022	0
0.927	449587	0	0.0023	0
0.928	449853	0	0.0024	0
0.929	235495	0	0	0
0.93	960363	0	0	0
0.931	1469707	0	0.0001	0
0.932	1897643	0	0.0002	0
0.933	2321210	0	0.0002	0
0.934	3050442	0	0.0003	0
0.935	3478374	0	0.0004	0
0.936	3905143	0	0.0004	0
0.937	4333077	0	0.0005	0
0.938	4761031	0	0.0006	0
0.939	5485878	0	0.0006	0
0.94	5963172	0	0.0007	0
0.941	6277291	0	0.0008	0
0.942	6521895	0	0.0008	0
0.943	7054703	0	0.0009	0
0.944	7181454	0	0.001	0
0.945	7426058	0	0.0011	0
0.946	7613912	0	0.0011	0
0.947	8069604	0	0.0012	0
0.948	7772643	0	0.0012	0
0.949	7473726	0	0.0013	0
0.95	7200191	0	0.0014	0
0.951	6899170	0	0.0015	0
0.952	6899450	0	0.0015	0
0.953	6598431	0	0.0016	0
0.954	6297408	0	0.0017	0
0.955	5996387	0	0.0017	0
0.956	5996642	0	0.0018	0
0.957	5742470	0	0.0019	0
0.958	5391407	0	0.0019	0
0.959	5391687	0	0.002	0
0.96	5091730	0	0.0021	0
0.961	4792842	0	0.0021	0
0.962	4491819	0	0.0022	0
0.963	4492097	0	0.0023	0
0.964	4193208	0	0.0023	0
0.965	3979097	0	0.0024	0
0.966	4402667	0	0.0025	0
0.967	4830598	0	0.0026	0
0.968	5260661	0	0.0026	0
0.969	5985531	0	0.0027	0
0.97	6415599	0	0.0027	0
0.971	6843531	0	0.0028	0
0.972	7267100	0	0.0028	0
0.973	7996346	0	0.0029	0
0.974	8424275	0	0.0029	0
0.975	8847299	0	0.003	0
0.976	9313559	0	0.0031	0
0.977	10042794	0	0.0031	0
0.978	10457633	0	0.0032	0
0.979	10645492	0	0.0032	0
0.98	10628194	0	0.0033	0
0.981	10947116	0	0.0015	0
0.982	10842802	0	0.0016	0
0.983	10778067	0	0.0017	0
0.984	10708382	0	0.0017	0
0.985	10641410	0	0.0018	0
0.986	10825018	0	0.0019	0
0.987	10836823	0	0.002	0
0.988	10729318	0	0.002	0
0.989	10624720	0	0.0021	0
0.99	10918909	0	0.0022	0
0.991	10801226	0	0.0022	0
0.992	10763116	0	0.0023	0
0.993	10685588	0	0.0024	0
0.994	10594375	0	0.0024	0
0.995	10849278	0	0.0025	0
0.996	10776694	0	0.0026	0
0.997	10707693	0	0.0026	0
0.998	10640927	0	0.0027	0
0.999	10825992	0	0.0028	0
1	10801421	0	0.0028	0
1.001	10708463	0	0.0029	0
1.002	10961910	0	0.003	0
1.003	10847330	0	0.0031	0
1.004	10823824	0	0.0031	0
1.005	10665494	0	0.0032	0
1.006	10846086	0	0.0033	0
1.007	10811529	0	0.0034	0
1.008	10704630	0	0.0034	0
1.009	10664743	0	0.0035	0
1.01	10609100	0	0.0036	0
1.011	10798461	0	0.0037	0
1.012	10713717	0	0.0037	0
1.013	10683527	0	0.0038	0
1.014	10590019	0	0.0039	0
1.015	10795388	0	0.004	0
1.016	10702974	0	0.004	0
1.017	10703716	0	0.0041	0
1.018	10621625	0	0.0042	0
1.019	10805132	0	0.0043	0
1.02	10779578	0	0.0044	0
1.021	10638533	0	0.0044	0
1.022	10636548	0	0.0045	0
1.023	10808459	0	0.0046	0
1.024	10727766	0	0.0047	0
1.025	10708452	0	0.0047	0
1.026	10674491	0	0.0048	0
1.027	10865348	0	0.0049	0
1.028	10763073	0	0.005	0
1.029	10747960	0	0.005	0
1.03	10692011	0	0.0051	0
1.031	10616257	0	0.0052	0
1.032	10763395	0	0.0052	0
1.033	10741932	0	0.0053	0
1.034	10662257	0	0.0053	0
1.035	10851657	0	0.0054	0
1.036	10812914	0	0.0053	0
1.037	10727777	0	0.0053	0
1.038	10623850	0	0.0053	0
1.039	10819008	0	0.0054	0
1.04	10830029	0	0.0054	0
1.041	10715304	0	0.0054	0
1.042	10657177	0	0.0055	0
1.043	10824717	0	0.0055	0
1.044	10763530	0	0.0055	0
1.045	10731699	0	0.0055	0
1.046	10674601	0	0.0056	0
1.047	10853794	0	0.0056	0
1.048	10796697	0	0.0056	0
1.049	10750442	0	0.0056	0
1.05	10643811	0	0.0056	0
1.051	10811350	0	0.0057	0
1.052	10785441	0	0.0057	0
1.053	10737672	0	0.0057	0
1.054	10703603	0	0.0057	0
1.055	10840545	0	0.0058	0
1.056	10809798	0	0.0058	0
1.057	10719926	0	0.0058	0
1.058	10670606	0	0.0058	0
1.059	10624881	0	0.0059	0
1.06	10760368	0	0.0059	0
1.061	10746976	0	0.0059	0
1.062	10711757	0	0.006	0
1.063	10659037	0	0.006	0
1.064	10817821	0	0.006	0
1.065	10786654	0	0.006	0
1.066	10729250	0	0.006	0
1.067	10674759	0	0.006	0
1.068	10795677	0	0.006	0
1.069	10777126	0	0.006	0
1.07	10701822	0	0.006	0
1.071	10658117	0	0.006	0
1.072	10853364	0	0.0059	0
1.073	10764164	0	0.0059	0
1.074	10660179	0	0.0059	0
1.075	10855362	0	0.0059	0
1.076	10867450	0	0.0059	0
1.077	10746253	0	0.0059	0
1.078	10724790	0	0.0059	0
1.079	10636373	0	0.0059	0
1.08	10818481	0	0.0059	0
1.081	10789560	0	0.0059	0
1.082	10731010	0	0.0059	0
1.083	10891264	0	0.0059	0
1.084	11080652	0	0.0059	0
1.085	10807655	0	0.0059	0
1.086	10695202	0	0.0059	0
1.087	10667837	0	0.0059	0
1.088	10618611	0	0.0059	0
1.089	10787609	0	0.0059	0
1.09	10754992	0	0.0059	0
1.091	10689638	0	0.0059	0
1.092	10839695	0	0.0059	0
1.093	10785240	0	0.0059	0
1.094	10755181	0	0.0059	0
1.095	10674493	0	0.0059	0
1.096	10842033	0	0.006	0
1.097	10836313	0	0.006	0
1.098	10806714	0	0.006	0
1.099	10743787	0	0.006	0
1.1	10771057	0	0.006	0
1.101	10916739	0	0.006	0
1.102	11042028	0	0.006	0
1.103	10724524	0	0.006	0
1.104	10899346	0	0.006	0
1.105	10809725	0	0.006	0
1.106	10772207	0	0.006	0
1.107	10732311	0	0.0061	0
1.108	10692638	0	0.006	0
1.109	10880569	0	0.006	0
1.11	10755000	0	0.0061	0
1.111	10775054	0	0.0061	0
1.112	10687506	0	0.0061	0
1.113	10852134	0	0.0061	0
1.114	10778706	0	0.0061	0
1.115	10634810	0	0.0061	0
1.116	10664797	0	0.0062	0
1.117	10659681	0	0.0061	0
1.118	10796623	0	0.0062	0
1.119	10741931	0	0.0062	0
1.12	10638649	0	0.0062	0
1.121	10657366	0	0.0062	0
1.122	10845298	0	0.0062	0
1.123	10772900	0	0.0062	0
1.124	10774662	0	0.0062	0
1.125	10678628	0	0.0062	0
1.126	10636152	0	0.0062	0
1.127	10784726	0	0.0062	0
1.128	10669810	0	0.0063	0
1.129	10596705	0	0.0063	0
1.13	10772985	0	0.0063	0
1.131	10760580	0	0.0063	0
1.132	10754725	0	0.0063	0
1.133	10655149	0	0.0063	0
1.134	10848934	0	0.0063	0
1.135	10791981	0	0.0063	0
1.136	10689024	0	0.0063	0
1.137	10609052	0	0.0063	0
1.138	10743090	0	0.0064	0
1.139	10791715	0	0.0064	0
1.14	10678266	0	0.0064	0
1.141	10652835	0	0.0064	0
1.142	10820375	0	0.0064	0
1.143	10787761	0	0.0064	0
1.144	10751000	0	0.0064	0
1.145	10688075	0	0.0064	0
1.146	10673164	0	0.0064	0
1.147	10842160	0	0.0064	0
1.148	10737580	0	0.0064	0
1.149	10684573	0	0.0064	0
1.15	10572683	0	0.0065	0
1.151	10671783	0	0.0065	0
1.152	10711962	0	0.0065	0
1.153	10714622	0	0.0065	0
1.154	10826799	0	0.0065	0
1.155	10707813	0	0.0066	0
1.156	10517050	0	0.0066	0
1.157	10363463	0	0.0066	0
1.158	10363673	0	0.0066	0
1.159	10132893	0	0.0066	0
1.16	9914778	0	0.0066	0
1.161	9695923	0	0.0066	0
1.162	9462167	0	0.0066	0
1.163	9462341	0	0.0066	0
1.164	9254305	0	0.0066	0
1.165	9060813	0	0.0067	0
1.166	9061040	0	0.0067	0
1.167	8881281	0	0.0067	0
1.168	8663189	0	0.0067	0
1.169	8446469	0	0.0066	0
1.17	8200261	0	0.0066	0
1.171	8200538	0	0.0065	0
1.172	7900467	0	0.0066	0
1.173	7681129	0	0.0066	0
1.174	7521891	0	0.0066	0
1.175	7529390	0	0.0066	0
1.176	7283265	0	0.0066	0
1.177	7058386	0	0.0066	0
1.178	6839515	0	0.0066	0
1.179	6839754	0	0.0066	0
1.18	6610259	0	0.0066	0
1.181	6363932	0	0.0065	0
1.182	6215204	0	0.0065	0
1.183	6215420	0	0.0065	0
1.184	5961220	0	0.0065	0
1.185	5742343	0	0.0064	0
1.186	5542705	0	0.0065	0
1.187	5413129	0	0.0065	0
1.188	5413344	0	0.0065	0
1.189	5230608	0	0.0065	0
1.19	5054238	0	0.0066	0
1.191	4865572	0	0.0066	0
1.192	4865777	0	0.0066	0
1.193	4708792	0	0.0066	0
1.194	4477152	0	0.0066	0
1.195	4242004	0	0.0065	0
1.196	4242222	0	0.0065	0
1.197	4023371	0	0.0065	0
1.198	3789617	0	0.0065	0
1.199	3562451	0	0.0065	0
1.2	3562577	0	0.0066	0
1.201	3417042	0	0.0066	0
1.202	3200880	0	0.0066	0
1.203	3012049	0	0.0066	0
1.204	3012273	0	0.0066	0
1.205	2738090	0	0.0066	0
1.206	2485862	0	0.0066	0
1.207	2272055	0	0.0066	0
1.208	2272270	0	0.0066	0
1.209	2083226	0	0.0066	0
1.21	1871606	0	0.0066	0
1.211	1624487	0	0.0066	0
1.212	1624657	0	0.0066	0
1.213	1474210	0	0.0066	0
1.214	1195883	0	0.0066	0
1.215	994452	0	0.0066	0
1.216	812051	0	0.0066	0
1.217	812266	0	0.0065	0
1.218	593409	0	0.0065	0
1.219	366332	0	0.0065	0
1.22	366480	0	0.0065	0
1.221	366484	0	0	0
1.222	0	0	0	0
1.223	0	0	0	0
1.224	0	0	0	0
1.225	0	0	0	0
1.226	0	0	0	0
1.227	0	0	0	0
1.228	0	0	0	0
1.229	0	0	0	0
1.23	0	0	0	0
1.231	0	0	0	0
1.232	0	0	0	0
1.233	0	0	0	0
1.234	0	0	0	0
1.235	0	0	0	0
1.236	0	0	0	0
1.237	0	0	0	0
1.238	0	0	0	0
1.239	0	0	0	0
1.24	0	0	0	0
1.241	0	0	0	0
1.242	0	0	0	0
1.243	0	0	0	0
1.244	0	0	0	0
1.245	0	0	0	0
1.246	0	0	0	0
1.247	0	0	0	0
1.248	0	0	0	0
1.249	0	0	0	0
1.25	0	0	0	0
1.251	0	0	0	0
1.252	0	0	0	0
1.253	0	0	0	0
1.254	0	0	0	0
1.255	0	0	0	0
1.256	0	0	0	0
1.257	0	0	0	0
1.258	0	0	0	0
1.259	0	0	0	0
1.26	0	0	0	0
1.261	0	0	0	0
1.262	0	0	0	0
1.263	0	0	0	0
1.264	0	0	0	0
1.265	0	0	0	0
1.266	0	0	0	0
1.267	0	0	0	0
1.268	0	0	0	0
1.269	0	0	0	0
1.27	0	0	0	0
1.271	0	0	0	0
1.272	0	0	0	0
1.273	0	0	0	0
1.274	0	0	0	0
1.275	0	0	0	0
1.276	0	0	0	0
1.277	0	0	0	0
1.278	0	0	0	0
1.279	0	0	0	0
1.28	0	0	0	0
1.281	0	0	0	0
1.282	0	0	0	0
1.283	0	0	0	0
1.284	0	0	0	0
1.285	0	0	0	0
1.286	0	0	0	0
1.287	0	0	0	0
1.288	0	0	0	0
1.289	0	0	0	0
1.29	0	0	0	0
1.291	0	0	0	0
1.292	0	0	0	0
1.293	0	0	0	0
1.294	0	0	0	0
1.295	0	0	0	0
1.296	0	0	0	0
1.297	0	0	0	0
1.298	0	0	0	0
1.299	0	0	0	0
1.3	0	0	0	0
1.301	0	0	0	0
1.302	0	0	0	0
1.303	0	0	0	0
1.304	0	0	0	0
1.305	0	0	0	0
1.306	0	0	0	0
1.307	0	0	0	0
1.308	0	0	0	0
1.309	0	0	0	0
1.31	0	0	0	0
1.311	0	0	0	0
1.312	0	0	0	0
1.313	0	0	0	0
1.314	0	0	0	0
1.315	0	0	0	0
1.316	0	0	0	0
1.317	0	0	0	0
1.318	0	0	0	0
1.319	0	0	0	0
1.32	0	0	0	0
1.321	0	0	0	0
1.322	0	0	0	0
1.323	0	0	0	0
1.324	0	0	0	0
1.325	0	0	0	0
1.326	0	0	0	0
1.327	0	0	0	0
1.328	0	0	0	0
1.329	0	0	0	0
1.33	0	0	0	0
1.331	0	0	0	0
1.332	0	0	0	0
1.333	0	0	0	0
1.334	0	0	0	0
1.335	0	0	0	0
1.336	0	0	0	0
1.337	0	0	0	0
1.338	0	0	0	0
1.339	0	0	0	0
1.34	0	0	0	0
1.341	0	0	0	0
1.342	0	0	0	0
1.343	0	0	0	0
1.344	0	0	0	0
1.345	0	0	0	0
1.346	0	0	0	0
1.347	0	0	0	0
1.348	0	0	0	0
1.349	0	0	0	0
1.35	0	0	0	0
1.351	0	0	0	0
1.352	0	0	0	0
1.353	0	0	0	0
1.354	0	0	0	0
1.355	0	0	0	0
1.356	0	0	0	0
1.357	0	0	0	0
1.358	0	0	0	0
1.359	0	0	0	0
1.36	0	0	0	0
1.361	0	0	0	0
1.362	0	0	0	0
1.363	0	0	0	0
1.364	0	0	0	0
1.365	0	0	0	0
1.366	0	0	0	0
1.367	0	0	0	0
1.368	0	0	0	0
1.369	0	0	0	0
1.37	0	0	0	0
1.371	0	0	0	0
1.372	0	0	0	0
1.373	0	0	0	0
1.374	0	0	0	0
1.375	0	0	0	0
1.376	0	0	0	0
1.377	0	0	0	0
1.378	0	0	0	0
1.379	0	0	0	0
1.38	0	0	0	0
1.381	0	0	0	0
1.382	0	0	0	0
1.383	0	0	0	0
1.384	0	0	0	0
1.385	0	0	0	0
1.386	0	0	0	0
1.387	0	0	0	0
1.388	0	0	0	0
1.389	0	0	0	0
1.39	0	0	0	0
1.391	0	0	0	0
1.392	0	0	0	0
1.393	0	0	0	0
1.394	0	0	0	0
1.395	0	0	0	0
1.396	0	0	0	0
1.397	0	0	0	0
1.398	0	0	0	0
1.399	0	0	0	0
1.4	0	0	0	0
1.401	0	0	0	0
1.402	0	0	0	0
1.403	69844	0	0	0
1.404	155786	0	0	0
1.405	322868	0	0	0
1.406	338124	0	0	0
1.407	279037	0	0	0
1.408	449473	0	0	0
1.409	379873	0	0	0
1.41	377953	0	0	0
1.411	548415	0	0	0
1.412	461475	0	0	0
1.413	398515	0	0	0
1.414	322450	0	0	0
1.415	299796	0	0	0
1.416	470263	0	0	0
1.417	402651	0	0	0
1.418	331808	0	0	0
1.419	370087	0	0	0
1.42	1588180	0	0	0
1.421	2561950	0	0.0001	0
1.422	3595441	0	0.0002	0
1.423	4811967	0	0.0003	0
1.424	5641418	0	0.0004	0
1.425	6859516	0	0.0005	0
1.426	7804291	0	0.0006	0
1.427	8840280	0	0.0007	0
1.428	9861826	0	0.0007	0
1.429	10844171	0	0.0008	0
1.43	10785663	0	0.0009	0
1.431	10714532	0	0.001	0
1.432	10485856	0	0.0011	0
1.433	10486068	0	0.0012	0
1.434	10286657	0	0.0013	0
1.435	10042148	0	0.0013	0
1.436	9798506	0	0.0014	0
1.437	9552246	0	0.0015	0
1.438	9552497	0	0.0016	0
1.439	9318745	0	0.0017	0
1.44	9080446	0	0.0018	0
1.441	9080680	0	0.0018	0
1.442	8804305	0	0.0019	0
1.443	8589924	0	0.002	0
1.444	8590137	0	0.0021	0
1.445	8322516	0	0.0022	0
1.446	8126450	0	0.0023	0
1.447	7904690	0	0.0024	0
1.448	7673542	0	0.0024	0
1.449	7427264	0	0.0025	0
1.45	7427459	0	0.0026	0
1.451	7232217	0	0.0027	0
1.452	6996423	0	0.0028	0
1.453	6752782	0	0.0029	0
1.454	6752928	0	0.003	0
1.455	6564139	0	0.0031	0
1.456	6324842	0	0.0031	0
1.457	6325044	0	0.0032	0
1.458	6160049	0	0.0033	0
1.459	6160197	0	0.0034	0
1.46	5750574	0	0.0035	0
1.461	5750847	0	0.0036	0
1.462	5461593	0	0.0037	0
1.463	5261627	0	0.0037	0
1.464	5064315	0	0.0038	0
1.465	4790870	0	0.0039	0
1.466	4791133	0	0.004	0
1.467	4557011	0	0.0041	0
1.468	4343208	0	0.0042	0
1.469	4143798	0	0.0043	0
1.47	4144035	0	0.0043	0
1.471	3898655	0	0.0044	0
1.472	3655017	0	0.0045	0
1.473	3408737	0	0.0046	0
1.474	3408998	0	0.0047	0
1.475	3190089	0	0.0048	0
1.476	2951841	0	0.0049	0
1.477	2675485	0	0.0049	0
1.478	2675719	0	0.005	0
1.479	2444319	0	0.0051	0
1.48	2176721	0	0.0052	0
1.481	1961474	0	0.0053	0
1.482	1961691	0	0.0054	0
1.483	1739933	0	0.0055	0
1.484	1508789	0	0.0055	0
1.485	1262482	0	0.0056	0
1.486	1067223	0	0.0057	0
1.487	1067460	0	0.0058	0
1.488	831670	0	0.0059	0
1.489	588027	0	0.0059	0
1.49	588164	0	0.006	0
1.491	399395	0	0.006	0
1.492	153095	0	0	0
1.493	0	0	0	0
1.494	0	0	0	0
1.495	0	0	0	0
1.496	0	0	0	0
1.497	0	0	0	0
1.498	0	0	0	0
1.499	0	0	0	0
1.5	0	0	0	0
1.501	0	0	0	0
1.502	0	0	0	0
1.503	0	0	0	0
1.504	0	0	0	0
1.505	0	0	0	0
1.506	0	0	0	0
1.507	0	0	0	0
1.508	0	0	0	0
1.509	0	0	0	0
1.51	0	0	0	0
1.511	0	0	0	0
1.512	0	0	0	0
1.513	0	0	0	0
1.514	0	0	0	0
1.515	0	0	0	0
1.516	0	0	0	0
1.517	0	0	0	0
1.518	0	0	0	0
1.519	0	0	0	0
1.52	0	0	0	0
1.521	0	0	0	0
1.522	0	0	0	0
1.523	0	0	0	0
1.524	0	0	0	0
1.525	0	0	0	0
1.526	0	0	0	0
1.527	0	0	0	0
1.528	0	0	0	0
1.529	0	0	0	0
1.53	0	0	0	0
1.531	0	0	0	0
1.532	0	0	0	0
1.533	0	0	0	0
