0.112	0	0	0	0
0.113	63	0	0	0
0.114	0	0	0	0
0.115	0	0	0	0
0.116	0	0	0	0
0.117	0	0	0	0
0.118	0	0	0	0
0.119	0	0	0	0
0.12	0	0	0	0
0.121	0	0	0	0
0.122	0	0	0	0
0.123	0	0	0	0
0.124	0	0	0	0
0.125	0	0	0	0
0.126	0	0	0	0
0.127	0	0	0	0
0.128	0	0	0	0
0.129	0	0	0	0
0.13	0	0	0	0
0.131	0	0	0	0
0.132	0	0	0	0
0.133	0	0	0	0
0.134	0	0	0	0
0.135	0	0	0	0
0.136	0	0	0	0
0.137	0	0	0	0
0.138	0	0	0	0
0.139	0	0	0	0
0.14	0	0	0	0
0.141	0	0	0	0
0.142	0	0	0	0
0.143	0	0	0	0
0.144	0	0	0	0
0.145	0	0	0	0
0.146	0	0	0	0
0.147	0	0	0	0
0.148	1516	0	0	0
0.149	1520	0	0	0
0.15	0	0	0	0
0.151	0	0	0	0
0.152	0	0	0	0
0.153	0	0	0	0
0.154	0	0	0	0
0.155	0	0	0	0
0.156	0	0	0	0
0.157	0	0	0	0
0.158	0	0	0	0
0.159	0	0	0	0
0.16	0	0	0	0
0.161	0	0	0	0
0.162	0	0	0	0
0.163	0	0	0	0
0.164	0	0	0	0
0.165	0	0	0	0
0.166	0	0	0	0
0.167	0	0	0	0
0.168	0	0	0	0
0.169	0	0	0	0
0.17	0	0	0	0
0.171	0	0	0	0
0.172	0	0	0	0
0.173	0	0	0	0
0.174	0	0	0	0
0.175	0	0	0	0
0.176	0	0	0	0
0.177	0	0	0	0
0.178	0	0	0	0
0.179	0	0	0	0
0.18	0	0	0	0
0.181	0	0	0	0
0.182	0	0	0	0
0.183	0	0	0	0
0.184	2914	0	0	0
0.185	2924	0	0	0
0.186	0	0	0	0
0.187	0	0	0	0
0.188	0	0	0	0
0.189	0	0	0	0
0.19	0	0	0	0
0.191	0	0	0	0
0.192	0	0	0	0
0.193	0	0	0	0
0.194	0	0	0	0
0.195	0	0	0	0
0.196	0	0	0	0
0.197	0	0	0	0
0.198	0	0	0	0
0.199	0	0	0	0
0.2	0	0	0	0
0.201	0	0	0	0
0.202	0	0	0	0
0.203	0	0	0	0
0.204	0	0	0	0
0.205	0	0	0	0
0.206	0	0	0	0
0.207	0	0	0	0
0.208	0	0	0	0
0.209	0	0	0	0
0.21	0	0	0	0
0.211	0	0	0	0
0.212	0	0	0	0
0.213	0	0	0	0
0.214	0	0	0	0
0.215	0	0	0	0
0.216	0	0	0	0
0.217	0	0	0	0
0.218	0	0	0	0
0.219	0	0	0	0
0.22	4369	0	0	0
0.221	4385	0	0	0
0.222	1001	0	0	0
0.223	1001	0	0	0
0.224	1001	0	0	0
0.225	1001	0	0	0
0.226	1001	0	0	0
0.227	1001	0	0	0
0.228	1001	0	0	0
0.229	1001	0	0	0
0.23	1001	0	0	0
0.231	1001	0	0	0
0.232	1001	0	0	0
0.233	1001	0	0	0
0.234	1001	0	0	0
0.235	1001	0	0	0
0.236	1001	0	0	0
0.237	1001	0	0	0
0.238	1001	0	0	0
0.239	1001	0	0	0
0.24	1001	0	0	0
0.241	1001	0	0	0
0.242	0	0	0	0
0.243	0	0	0	0
0.244	0	0	0	0
0.245	0	0	0	0
0.246	0	0	0	0
0.247	0	0	0	0
0.248	0	0	0	0
0.249	0	0	0	0
0.25	0	0	0	0
0.251	0	0	0	0
0.252	0	0	0	0
0.253	0	0	0	0
0.254	0	0	0	0
0.255	0	0	0	0
0.256	4369	0	0	0
0.257	4385	0	0	0
0.258	1001	0	0	0
0.259	1001	0	0	0
0.26	1001	0	0	0
0.261	1001	0	0	0
0.262	1001	0	0	0
0.263	1001	0	0	0
0.264	1001	0	0	0
0.265	1001	0	0	0
0.266	1001	0	0	0
0.267	1001	0	0	0
0.268	1001	0	0	0
0.269	1001	0	0	0
0.27	1001	0	0	0
0.271	1001	0	0	0
0.272	1001	0	0	0
0.273	1001	0	0	0
0.274	1001	0	0	0
0.275	1001	0	0	0
0.276	1001	0	0	0
0.277	1001	0	0	0
0.278	0	0	0	0
0.279	0	0	0	0
0.28	0	0	0	0
0.281	0	0	0	0
0.282	0	0	0	0
0.283	0	0	0	0
0.284	0	0	0	0
0.285	0	0	0	0
0.286	0	0	0	0
0.287	0	0	0	0
0.288	0	0	0	0
0.289	0	0	0	0
0.29	0	0	0	0
0.291	0	0	0	0
0.292	8734	0	0	0
0.293	8755	0	0	0
0.294	5371	0	0	0
0.295	5371	0	0	0
0.296	5371	0	0	0
0.297	5371	0	0	0
0.298	5371	0	0	0
0.299	5371	0	0	0
0.3	5371	0	0	0
0.301	5371	0	0	0
0.302	5371	0	0	0
0.303	5371	0	0	0
0.304	5371	0	0	0
0.305	5371	0	0	0
0.306	5371	0	0	0
0.307	5371	0	0	0
0.308	5371	0	0	0
0.309	5371	0	0	0
0.31	5371	0	0	0
0.311	5371	0	0	0
0.312	5371	0	0	0
0.313	5371	0	0	0
0.314	0	0	0	0
0.315	0	0	0	0
0.316	0	0	0	0
0.317	0	0	0	0
0.318	0	0	0	0
0.319	0	0	0	0
0.32	0	0	0	0
0.321	0	0	0	0
0.322	0	0	0	0
0.323	0	0	0	0
0.324	0	0	0	0
0.325	0	0	0	0
0.326	0	0	0	0
0.327	0	0	0	0
0.328	13099	0	0	0
0.329	13124	0	0	0
0.33	9740	0	0	0
0.331	9740	0	0	0
0.332	9740	0	0	0
0.333	9740	0	0	0
0.334	9740	0	0	0
0.335	9740	0	0	0
0.336	9740	0	0	0
0.337	9740	0	0	0
0.338	9740	0	0	0
0.339	9740	0	0	0
0.34	9740	0	0	0
0.341	9740	0	0	0
0.342	9740	0	0	0
0.343	9740	0	0	0
0.344	9740	0	0	0
0.345	9740	0	0	0
0.346	9740	0	0	0
0.347	9740	0	0	0
0.348	9740	0	0	0
0.349	9740	0	0	0
0.35	0	0	0	0
0.351	0	0	0	0
0.352	0	0	0	0
0.353	0	0	0	0
0.354	0	0	0	0
0.355	0	0	0	0
0.356	0	0	0	0
0.357	0	0	0	0
0.358	0	0	0	0
0.359	0	0	0	0
0.36	0	0	0	0
0.361	0	0	0	0
0.362	0	0	0	0
0.363	0	0	0	0
0.364	17464	0	0	0
0.365	17498	0	0	0
0.366	14114	0	0	0
0.367	14114	0	0	0
0.368	14114	0	0	0
0.369	14114	0	0	0
0.37	14114	0	0	0
0.371	14114	0	0	0
0.372	14114	0	0	0
0.373	14114	0	0	0
0.374	14114	0	0	0
0.375	14114	0	0	0
0.376	14114	0	0	0
0.377	14114	0	0	0
0.378	14114	0	0	0
0.379	14114	0	0	0
0.38	14114	0	0	0
0.381	14114	0	0	0
0.382	14114	0	0	0
0.383	14114	0	0	0
0.384	14114	0	0	0
0.385	14114	0	0	0
0.386	0	0	0	0
0.387	0	0	0	0
0.388	0	0	0	0
0.389	0	0	0	0
0.39	0	0	0	0
0.391	0	0	0	0
0.392	0	0	0	0
0.393	0	0	0	0
0.394	0	0	0	0
0.395	0	0	0	0
0.396	0	0	0	0
0.397	0	0	0	0
0.398	0	0	0	0
0.399	0	0	0	0
0.4	26194	0	0	0
0.401	26237	0	0	0
0.402	22853	0	0	0
0.403	22853	0	0	0
0.404	22853	0	0	0
0.405	22853	0	0	0
0.406	22853	0	0	0
0.407	22853	0	0	0
0.408	22853	0	0	0
0.409	22853	0	0	0
0.41	22853	0	0	0
0.411	22853	0	0	0
0.412	22853	0	0	0
0.413	22853	0	0	0
0.414	22853	0	0	0
0.415	22853	0	0	0
0.416	22853	0	0	0
0.417	22853	0	0	0
0.418	22853	0	0	0
0.419	22853	0	0	0
0.42	22853	0	0	0
0.421	22853	0	0	0
0.422	0	0	0	0
0.423	0	0	0	0
0.424	0	0	0	0
0.425	0	0	0	0
0.426	0	0	0	0
0.427	0	0	0	0
0.428	0	0	0	0
0.429	0	0	0	0
0.43	0	0	0	0
0.431	0	0	0	0
0.432	0	0	0	0
0.433	0	0	0	0
0.434	0	0	0	0
0.435	0	0	0	0
0.436	39289	0	0	0
0.437	39345	0	0	0
0.438	35961	0	0	0
0.439	35961	0	0	0
0.44	35961	0	0	0
0.441	35961	0	0	0
0.442	35961	0	0	0
0.443	35961	0	0	0
0.444	35961	0	0	0
0.445	35961	0	0	0
0.446	35961	0	0	0
0.447	35961	0	0	0
0.448	35961	0	0	0
0.449	35961	0	0	0
0.45	35961	0	0	0
0.451	35961	0	0	0
0.452	35961	0	0	0
0.453	35961	0	0	0
0.454	35961	0	0	0
0.455	35961	0	0	0
0.456	35961	0	0	0
0.457	35961	0	0	0
0.458	0	0	0	0
0.459	0	0	0	0
0.46	0	0	0	0
0.461	0	0	0	0
0.462	0	0	0	0
0.463	0	0	0	0
0.464	0	0	0	0
0.465	0	0	0	0
0.466	0	0	0	0
0.467	0	0	0	0
0.468	0	0	0	0
0.469	0	0	0	0
0.47	0	0	0	0
0.471	0	0	0	0
0.472	61114	0	0	0
0.473	61197	0	0	0
0.474	57813	0	0	0
0.475	57813	0	0	0
0.476	57813	0	0	0
0.477	57813	0	0	0
0.478	57813	0	0	0
0.479	57813	0	0	0
0.48	57813	0	0	0
0.481	57813	0	0	0
0.482	57813	0	0	0
0.483	57813	0	0	0
0.484	57813	0	0	0
0.485	57813	0	0	0
0.486	57813	0	0	0
0.487	57813	0	0	0
0.488	57813	0	0	0
0.489	57813	0	0	0
0.49	57813	0	0	0
0.491	57813	0	0	0
0.492	57813	0	0	0
0.493	57813	0	0	0.0492
0.494	0	0	0	0
0.495	0	0	0	0
0.496	0	0	0	0
0.497	0	0	0	0
0.498	0	0	0	0
0.499	0	0	0	0
0.5	0	0	0	0
0.501	0	0	0	0
0.502	0	0	0	0
0.503	0	0	0	0
0.504	0	0	0	0
0.505	0	0	0	0
0.506	0	0	0	0
0.507	0	0	0	0
0.508	85849	0	0	0
0.509	91784	0	0	0
0.51	88400	0	0	0
0.511	88400	0	0	0
0.512	88400	0	0	0
0.513	88400	0	0	0
0.514	88400	0	0	0
0.515	88400	0	0	0
0.516	88400	0	0	0
0.517	88400	0	0	0
0.518	88400	0	0	0
0.519	88400	0	0	0
0.52	88400	0	0	0
0.521	88400	0	0	0
0.522	88400	0	0	0
0.523	88400	0	0	0
0.524	88400	0	0	0
0.525	88400	0	0	0
0.526	88400	0	0	0
0.527	88400	0	0	0
0.528	88400	0	0	0
0.529	88400	0	0	0.0528
0.53	0	0	0	0
0.531	0	0	0	0
0.532	0	0	0	0
0.533	0	0	0	0
0.534	0	0	0	0
0.535	0	0	0	0
0.536	0	0	0	0
0.537	0	0	0	0
0.538	0	0	0	0
0.539	0	0	0	0
0.54	0	0	0	0
0.541	0	0	0	0
0.542	0	0	0	0
0.543	0	0	0	0
0.544	85849	0	0	0
0.545	135488	0	0	0
0.546	132104	0	0	0
0.547	132104	0	0	0
0.548	132104	0	0	0
0.549	132104	0	0	0
0.55	132104	0	0	0
0.551	132104	0	0	0
0.552	132104	0	0	0
0.553	132104	0	0	0
0.554	132104	0	0	0
0.555	132104	0	0	0
0.556	132104	0	0	0
0.557	132104	0	0	0
0.558	132104	0	0	0
0.559	132104	0	0	0
0.56	132104	0	0	0
0.561	132104	0	0	0
0.562	132104	0	0	0
0.563	132104	0	0	0
0.564	132104	0	0	0
0.565	39184	92920	0	0.0564
0.566	0	0	0	0
0.567	0	0	0	0
0.568	0	0	0	0
0.569	0	0	0	0
0.57	0	0	0	0
0.571	0	0	0	0
0.572	0	0	0	0
0.573	0	0	0	0
0.574	0	0	0	0
0.575	0	0	0	0
0.576	0	0	0	0
0.577	0	0	0	0
0.578	0	0	0	0
0.579	0	0	0	0
0.58	85849	0	0	0
0.581	205404	0	0	0
0.582	202020	0	0	0
0.583	202020	0	0	0
0.584	202020	0	0	0
0.585	202020	0	0	0
0.586	202020	0	0	0
0.587	202020	0	0	0
0.588	202020	0	0	0
0.589	202020	0	0	0
0.59	202020	0	0	0
0.591	202020	0	0	0
0.592	202020	0	0	0
0.593	202020	0	0	0
0.594	202020	0	0	0
0.595	202020	0	0	0
0.596	202020	0	0	0
0.597	202020	0	0	0
0.598	202020	0	0	0
0.599	202020	0	0	0
0.6	202020	0	0	0
0.601	0	202020	0	0.06
0.602	0	0	0	0
0.603	0	0	0	0
0.604	0	0	0	0
0.605	0	0	0	0
0.606	0	0	0	0
0.607	0	0	0	0
0.608	0	0	0	0
0.609	0	0	0	0
0.61	0	0	0	0
0.611	0	0	0	0
0.612	0	0	0	0
0.613	0	0	0	0
0.614	0	0	0	0
0.615	0	0	0	0
0.616	85849	0	0	0
0.617	305911	0	0	0
0.618	302531	0	0	0
0.619	302531	0	0	0
0.62	302531	0	0	0
0.621	302531	0	0	0
0.622	302531	0	0	0
0.623	302531	0	0	0
0.624	302531	0	0	0
0.625	302531	0	0	0
0.626	302531	0	0	0
0.627	302531	0	0	0
0.628	302531	0	0	0
0.629	302531	0	0	0
0.63	302531	0	0	0
0.631	302531	0	0	0
0.632	302531	0	0	0
0.633	302531	0	0	0
0.634	302531	0	0	0
0.635	302531	0	0	0
0.636	302531	0	0	0
0.637	302531	0	0	0
0.638	268951	33580	0	0.0637
0.639	0	0	0	0.0638
0.64	0	0	0	0.0638
0.641	0	0	0	0.0638
0.642	0	0	0	0.0638
0.643	0	0	0	0.0638
0.644	0	0	0	0.0638
0.645	0	0	0	0.0638
0.646	0	0	0	0.0638
0.647	0	0	0	0.0638
0.648	0	0	0	0.0638
0.649	0	0	0	0.0638
0.65	0	0	0	0.0638
0.651	0	0	0	0.0638
0.652	85849	0	0	0
0.653	458692	0	0	0
0.654	455481	0	0	0
0.655	0	0	0	0
0.656	0	0	0	0
0.657	0	0	0	0
0.658	0	0	0	0
0.659	0	0	0	0
0.66	0	0	0	0
0.661	0	0	0	0
0.662	0	0	0	0
0.663	0	0	0	0
0.664	0	0	0	0
0.665	0	0	0	0
0.666	0	0	0	0
0.667	0	0	0	0
0.668	0	0	0	0
0.669	0	0	0	0
0.67	0	0	0	0
0.671	0	0	0	0
0.672	0	0	0	0
0.673	0	0	0	0
0.674	0	0	0	0
0.675	0	0	0	0
0.676	0	0	0	0
0.677	0	0	0	0
0.678	0	0	0	0
0.679	0	0	0	0
0.68	0	0	0	0
0.681	0	0	0	0
0.682	0	0	0	0
0.683	0	0	0	0
0.684	0	0	0	0
0.685	0	0	0	0
0.686	0	0	0	0
0.687	0	0	0	0
0.688	85849	0	0	0
0.689	690037	0	0	0
0.69	687088	0	0.0001	0
0.691	183037	0	0	0
0.692	183037	0	0	0
0.693	183037	0	0	0
0.694	183037	0	0	0
0.695	183037	0	0	0
0.696	183037	0	0	0
0.697	183037	0	0	0
0.698	183037	0	0	0
0.699	183037	0	0	0
0.7	183037	0	0	0
0.701	183037	0	0	0
0.702	183037	0	0	0
0.703	183037	0	0	0
0.704	183037	0	0	0
0.705	183037	0	0	0
0.706	183037	0	0	0
0.707	183037	0	0	0
0.708	183037	0	0	0
0.709	183037	0	0	0
0.71	183037	0	0	0
0.711	183037	0	0	0
0.712	0	0	0	0
0.713	0	0	0	0
0.714	0	0	0	0
0.715	0	0	0	0
0.716	0	0	0	0
0.717	0	0	0	0
0.718	0	0	0	0
0.719	0	0	0	0
0.72	0	0	0	0
0.721	0	0	0	0
0.722	0	0	0	0
0.723	0	0	0	0
0.724	85849	0	0	0
0.725	810799	0	0	0
0.726	1031928	0	0.0001	0
0.727	531246	0	0.0001	0
0.728	27193	0	0	0
0.729	27193	0	0	0
0.73	27193	0	0	0
0.731	27193	0	0	0
0.732	27193	0	0	0
0.733	27193	0	0	0
0.734	27193	0	0	0
0.735	27193	0	0	0
0.736	27193	0	0	0
0.737	27193	0	0	0
0.738	27193	0	0	0
0.739	27193	0	0	0
0.74	27193	0	0	0
0.741	27193	0	0	0
0.742	27193	0	0	0
0.743	27193	0	0	0
0.744	27193	0	0	0
0.745	27193	0	0	0
0.746	27193	0	0	0
0.747	0	27193	0	0.0747
0.748	27193	0	0	0
0.749	0	0	0	0
0.75	0	0	0	0
0.751	0	0	0	0
0.752	0	0	0	0
0.753	0	0	0	0
0.754	85885	0	0	0
0.755	810909	0	0	0
0.756	1427243	0	0.0001	0
0.757	1097766	0	0.0001	0
0.758	482558	0	0.0002	0
0.759	482635	0	0	0
0.76	23728	0	0	0
0.761	23728	0	0	0
0.762	23728	0	0	0
0.763	23728	0	0	0
0.764	23728	0	0	0
0.765	23728	0	0	0
0.766	23728	0	0	0
0.767	23728	0	0	0
0.768	23728	0	0	0
0.769	23728	0	0	0
0.77	23728	0	0	0
0.771	23728	0	0	0
0.772	23728	0	0	0
0.773	23728	0	0	0
0.774	23728	0	0	0
0.775	23728	0	0	0
0.776	23728	0	0	0
0.777	23728	0	0	0
0.778	23728	0	0	0
0.779	23728	0	0	0
0.78	0	0	0	0
0.781	0	0	0	0
0.782	0	0	0	0
0.783	0	0	0	0
0.784	0	0	0	0
0.785	85888	0	0	0
0.786	810915	0	0	0
0.787	1422578	0	0.0001	0
0.788	1849700	0	0.0001	0
0.789	1422078	0	0.0002	0
0.79	1422498	0	0.0002	0
0.791	1018037	0	0.0003	0
0.792	607435	0	0.0003	0
0.793	109384	0	0	0
0.794	109384	0	0	0
0.795	109384	0	0	0
0.796	109384	0	0	0
0.797	109384	0	0	0
0.798	109384	0	0	0
0.799	109384	0	0	0
0.8	109384	0	0	0
0.801	109384	0	0	0
0.802	109384	0	0	0
0.803	109384	0	0	0
0.804	109384	0	0	0
0.805	109384	0	0	0
0.806	109384	0	0	0
0.807	109384	0	0	0
0.808	109384	0	0	0
0.809	109384	0	0	0
0.81	109384	0	0	0
0.811	109384	0	0	0
0.812	109384	0	0	0
0.813	109384	0	0	0
0.814	0	0	0	0
0.815	0	0	0	0
0.816	0	0	0	0
0.817	0	0	0	0
0.818	0	0	0	0
0.819	0	0	0	0
0.82	0	0	0	0
0.821	85888	0	0	0
0.822	810921	0	0	0
0.823	1422767	0	0.0001	0
0.824	1648113	0	0.0001	0
0.825	1908166	0	0.0002	0
0.826	1957262	0	0.0002	0
0.827	1957610	0	0.0003	0
0.828	1613576	0	0.0003	0
0.829	1233432	0	0.0004	0
0.83	1233719	0	0.0004	0
0.831	779297	0	0.0005	0
0.832	229366	0	0	0
0.833	229366	0	0	0
0.834	229366	0	0	0
0.835	229366	0	0	0
0.836	229366	0	0	0
0.837	229366	0	0	0
0.838	229366	0	0	0
0.839	229366	0	0	0
0.84	229366	0	0	0
0.841	229366	0	0	0
0.842	229366	0	0	0
0.843	229366	0	0	0
0.844	229366	0	0	0
0.845	229366	0	0	0
0.846	229366	0	0	0
0.847	229366	0	0	0
0.848	229366	0	0	0
0.849	229366	0	0	0
0.85	229366	0	0	0
0.851	229366	0	0	0
0.852	117552	111814	0	0.0851
0.853	0	0	0	0.0852
0.854	0	0	0	0.0852
0.855	0	0	0	0.0852
0.856	0	0	0	0.0852
0.857	85888	0	0	0
0.858	810816	0	0	0
0.859	1540168	0	0.0001	0
0.86	1780153	0	0.0001	0
0.861	1889543	0	0.0002	0
0.862	2618850	0	0.0002	0
0.863	2922519	0	0.0003	0
0.864	3144700	0	0.0003	0
0.865	2699286	0	0.0004	0
0.866	2699578	0	0.0004	0
0.867	2391840	0	0.0005	0
0.868	1981187	0	0.0005	0
0.869	1450089	0	0.0006	0
0.87	1450473	0	0.0006	0
0.871	1038119	0	0.0007	0
0.872	627461	0	0.0008	0
0.873	189203	0	0	0
0.874	189203	0	0	0
0.875	189203	0	0	0
0.876	189203	0	0	0
0.877	189203	0	0	0
0.878	189203	0	0	0
0.879	189203	0	0	0
0.88	189203	0	0	0
0.881	189203	0	0	0
0.882	189203	0	0	0
0.883	189203	0	0	0
0.884	189203	0	0	0
0.885	189203	0	0	0
0.886	189203	0	0	0
0.887	189203	0	0	0
0.888	189203	0	0	0
0.889	189203	0	0	0
0.89	189203	0	0	0
0.891	189203	0	0	0
0.892	189203	0	0	0
0.893	164213	110835	0	0.0892
0.894	810658	0	0	0
0.895	1344122	0	0.0001	0
0.896	2073424	0	0.0001	0
0.897	2345240	0	0.0002	0
0.898	2850427	0	0.0003	0
0.899	3165907	0	0.0003	0
0.9	3890884	0	0.0004	0
0.901	4109336	0	0.0004	0
0.902	4427715	0	0.0005	0
0.903	4865193	0	0.0005	0
0.904	5355890	0	0.0006	0
0.905	4848378	0	0.0007	0
0.906	4495945	0	0.0007	0
0.907	4046046	0	0.0008	0
0.908	4046455	0	0.0008	0
0.909	3504056	0	0.0009	0
0.91	3071886	0	0.0009	0
0.911	2697684	0	0.001	0
0.912	2265627	0	0.001	0
0.913	2266038	0	0.0011	0
0.914	1800768	0	0.0011	0
0.915	1335494	0	0.0012	0
0.916	1051148	0	0.0013	0
0.917	1051554	0	0.0013	0
0.918	468576	0	0	0
0.919	43348	0	0	0
0.92	43348	0	0	0
0.921	43348	0	0	0
0.922	43348	0	0	0
0.923	43348	0	0	0
0.924	43348	0	0	0
0.925	43348	0	0	0
0.926	43348	0	0	0
0.927	43348	0	0	0
0.928	43348	0	0	0
0.929	129197	0	0	0
0.93	854049	0	0	0
0.931	1536640	0	0.0001	0
0.932	1939129	0	0.0001	0
0.933	2311240	0	0.0002	0
0.934	3040572	0	0.0003	0
0.935	3205138	0	0.0003	0
0.936	3497640	0	0.0004	0
0.937	3946559	0	0.0004	0
0.938	4228731	0	0.0005	0
0.939	4953731	0	0.0005	0
0.94	5142023	0	0.0006	0
0.941	5370674	0	0.0006	0
0.942	5451027	0	0.0007	0
0.943	5983929	0	0.0007	0
0.944	6091154	0	0.0008	0
0.945	6274099	0	0.0009	0
0.946	6190302	0	0.0009	0
0.947	6646104	0	0.001	0
0.948	6392130	0	0.001	0
0.949	5975757	0	0.0011	0
0.95	5439321	0	0.0011	0
0.951	4998243	0	0.0012	0
0.952	4998654	0	0.0012	0
0.953	4599819	0	0.0013	0
0.954	4134542	0	0.0013	0
0.955	3673523	0	0.0014	0
0.956	3673937	0	0.0014	0
0.957	3208587	0	0.0015	0
0.958	2921431	0	0.0015	0
0.959	2450151	0	0.0016	0
0.96	2450487	0	0.0016	0
0.961	2098049	0	0.0016	0
0.962	1536601	0	0.0017	0
0.963	1213111	0	0.0017	0
0.964	1213495	0	0.0017	0
0.965	762856	0	0.0018	0
0.966	1080064	0	0	0
0.967	1343738	0	0.0001	0
0.968	2073106	0	0.0001	0
0.969	2336484	0	0.0002	0
0.97	2600131	0	0.0002	0
0.971	3044779	0	0.0003	0
0.972	3222653	0	0.0004	0
0.973	3952026	0	0.0004	0
0.974	4256060	0	0.0005	0
0.975	4762787	0	0.0005	0
0.976	4897071	0	0.0006	0
0.977	5626400	0	0.0006	0
0.978	5917423	0	0.0007	0
0.979	6040602	0	0.0008	0
0.98	6324737	0	0.0008	0
0.981	6480873	0	0.0009	0
0.982	6556753	0	0.0009	0
0.983	6619641	0	0.001	0
0.984	6691262	0	0.001	0
0.985	7176110	0	0.0011	0
0.986	7087176	0	0.0011	0
0.987	7294030	0	0.0012	0
0.988	7765837	0	0.0012	0
0.989	7775655	0	0.0013	0
0.99	7977597	0	0.0014	0
0.991	7945694	0	0.0014	0
0.992	8035893	0	0.0015	0
0.993	8533915	0	0.0015	0
0.994	8575944	0	0.0016	0
0.995	8647562	0	0.0016	0
0.996	8714708	0	0.0016	0
0.997	9252016	0	0.0016	0
0.998	9327968	0	0.0017	0
0.999	9289902	0	0.0017	0
1	9364242	0	0.0018	0
1.001	9801183	0	0.0018	0
1.002	9781052	0	0.0018	0
1.003	9552432	0	0.0019	0
1.004	9667265	0	0.0019	0
1.005	10104206	0	0.0019	0
1.006	10128762	0	0.0019	0
1.007	10118397	0	0.0019	0
1.008	10164773	0	0.002	0
1.009	10702108	0	0.002	0
1.01	10731028	0	0.002	0
1.011	10764314	0	0.002	0
1.012	10764130	0	0.002	0
1.013	10638816	0	0.0021	0
1.014	10914254	0	0.0021	0
1.015	10957727	0	0.0021	0
1.016	10724740	0	0.0021	0
1.017	10725902	0	0.0022	0
1.018	10994065	0	0.0022	0
1.019	10942799	0	0.0022	0
1.02	10834947	0	0.0022	0
1.021	10610693	0	0.0023	0
1.022	11165491	0	0.0022	0
1.023	10931054	0	0.0023	0
1.024	10622415	0	0.0023	0
1.025	10313771	0	0.0023	0
1.026	10005129	0	0.0023	0
1.027	10200540	0	0.0023	0
1.028	9891903	0	0.0024	0
1.029	9583256	0	0.0024	0
1.03	9277596	0	0.0024	0
1.031	9472959	0	0.0024	0
1.032	9360240	0	0.0025	0
1.033	8897846	0	0.0025	0
1.034	8589202	0	0.0025	0
1.035	8783158	0	0.0025	0
1.036	8474517	0	0.0026	0
1.037	8165879	0	0.0026	0
1.038	7857235	0	0.0026	0
1.039	7548591	0	0.0026	0
1.04	7744003	0	0.0026	0
1.041	7435366	0	0.0026	0
1.042	7126722	0	0.0027	0
1.043	6818075	0	0.0026	0
1.044	7013485	0	0.0027	0
1.045	6707649	0	0.0026	0
1.046	6441041	0	0.0026	0
1.047	6132397	0	0.0026	0
1.048	6327810	0	0.0026	0
1.049	6019168	0	0.0027	0
1.05	5710529	0	0.0026	0
1.051	5400430	0	0.0025	0
1.052	5091788	0	0.0024	0
1.053	5287199	0	0.0023	0
1.054	4978562	0	0.0022	0
1.055	4669918	0	0.0021	0
1.056	4361276	0	0.002	0
1.057	4556684	0	0.0019	0
1.058	4250979	0	0.0018	0
1.059	4099073	0	0.0017	0
1.06	3675861	0	0.0016	0
1.061	3871272	0	0.0015	0
1.062	3562631	0	0.0014	0
1.063	3253946	0	0.0014	0
1.064	2984488	0	0.0013	0
1.065	2675844	0	0.0012	0
1.066	2871255	0	0.0011	0
1.067	2562618	0	0.001	0
1.068	2252520	0	0.0009	0
1.069	1943876	0	0.0008	0
1.07	2139284	0	0.0007	0
1.071	1830646	0	0.0006	0
1.072	1524939	0	0.0005	0
1.073	1258461	0	0.0004	0
1.074	1453872	0	0.0003	0
1.075	1145232	0	0.0002	0
1.076	836593	0	0.0001	0
1.077	527949	0	0	0
1.078	219173	0	0	0
1.079	414387	0	0	0
1.08	313226	0	0	0
1.081	253498	0	0	0
1.082	195225	0	0	0
1.083	390439	0	0	0
1.084	332166	0	0	0
1.085	272436	0	0	0
1.086	272437	0	0	0
1.087	467651	0	0	0
1.088	330710	0	0	0
1.089	272437	0	0	0
1.09	214164	0	0	0
1.091	409378	0	0	0
1.092	351104	0	0	0
1.093	292831	0	0	0
1.094	234558	0	0	0
1.095	176285	0	0	0
1.096	371499	0	0	0
1.097	313226	0	0	0
1.098	253498	0	0	0
1.099	195225	0	0	0
1.1	390439	0	0	0
1.101	332158	0	0	0
1.102	296718	0	0	0
1.103	291465	0	0	0
1.104	272415	0	0	0
1.105	467596	0	0	0
1.106	351090	0	0	0
1.107	253422	0	0	0
1.108	269404	0	0	0
1.109	464529	0	0	0
1.11	429721	0	0	0
1.111	624939	0	0	0
1.112	468981	0	0	0
1.113	332147	0	0	0
1.114	527262	0	0	0
1.115	390395	0	0	0
1.116	585611	0	0	0
1.117	450089	0	0	0
1.118	332148	0	0	0
1.119	214068	0	0	0
1.12	409361	0	0	0
1.121	324001	0	0	0
1.122	327646	0	0	0
1.123	522859	0	0	0
1.124	487921	0	0	0
1.125	332143	0	0	0
1.126	527281	0	0	0
1.127	390420	0	0	0
1.128	585578	0	0	0
1.129	448635	0	0	0
1.13	313209	0	0	0
1.131	508326	0	0	0
1.132	390422	0	0	0
1.133	273843	0	0	0
1.134	188537	0	0	0
1.135	382307	0	0	0
1.136	385846	0	0	0
1.137	370027	0	0	0
1.138	253417	0	0	0
1.139	448692	0	0	0
1.14	374230	0	0	0
1.141	367815	0	0	0
1.142	563048	0	0	0
1.143	506872	0	0	0
1.144	371482	0	0	0
1.145	566649	0	0	0
1.146	448646	0	0	0
1.147	332149	0	0	0
1.148	246771	0	0	0
1.149	250465	0	0	0
1.15	445620	0	0	0
1.151	429731	0	0	0
1.152	311752	0	0	0
1.153	237247	0	0	0
1.154	432505	0	0	0
1.155	388185	0	0	0
1.156	136955	0	0	0
1.157	136955	0	0	0
1.158	136955	0	0	0
1.159	136955	0	0	0
1.16	136955	0	0	0
1.161	136955	0	0	0
1.162	136955	0	0	0
1.163	136955	0	0	0
1.164	136955	0	0	0
1.165	136955	0	0	0
1.166	136955	0	0	0
1.167	136955	0	0	0
1.168	136955	0	0	0
1.169	136955	0	0	0
1.17	136955	0	0	0
1.171	136955	0	0	0
1.172	136955	0	0	0
1.173	136955	0	0	0
1.174	136955	0	0	0
1.175	144234	0	0	0
1.176	144253	0	0	0
1.177	3914	0	0	0
1.178	3914	0	0	0
1.179	3914	0	0	0
1.18	3914	0	0	0
1.181	3914	0	0	0
1.182	3914	0	0	0
1.183	3914	0	0	0
1.184	3914	0	0	0
1.185	3914	0	0	0
1.186	3914	0	0	0
1.187	3914	0	0	0
1.188	3914	0	0	0
1.189	3914	0	0	0
1.19	3914	0	0	0
1.191	3914	0	0	0
1.192	3914	0	0	0
1.193	3914	0	0	0
1.194	3914	0	0	0
1.195	3914	0	0	0
1.196	3914	0	0	0
1.197	0	0	0	0
1.198	0	0	0	0
1.199	0	0	0	0
1.2	0	0	0	0
1.201	0	0	0	0
1.202	0	0	0	0
1.203	0	0	0	0
1.204	0	0	0	0
1.205	0	0	0	0
1.206	0	0	0	0
1.207	0	0	0	0
1.208	0	0	0	0
1.209	0	0	0	0
1.21	0	0	0	0
1.211	0	0	0	0
1.212	0	0	0	0
1.213	0	0	0	0
1.214	0	0	0	0
1.215	0	0	0	0
1.216	0	0	0	0
1.217	0	0	0	0
1.218	0	0	0	0
1.219	0	0	0	0
1.22	0	0	0	0
1.221	0	0	0	0
1.222	0	0	0	0
1.223	0	0	0	0
1.224	0	0	0	0
1.225	0	0	0	0
1.226	0	0	0	0
1.227	0	0	0	0
1.228	0	0	0	0
1.229	0	0	0	0
1.23	0	0	0	0
1.231	0	0	0	0
1.232	0	0	0	0
1.233	0	0	0	0
1.234	0	0	0	0
1.235	0	0	0	0
1.236	0	0	0	0
1.237	0	0	0	0
1.238	0	0	0	0
1.239	0	0	0	0
1.24	0	0	0	0
1.241	0	0	0	0
1.242	0	0	0	0
1.243	0	0	0	0
1.244	0	0	0	0
1.245	0	0	0	0
1.246	0	0	0	0
1.247	0	0	0	0
1.248	0	0	0	0
1.249	0	0	0	0
1.25	0	0	0	0
1.251	0	0	0	0
1.252	0	0	0	0
1.253	0	0	0	0
1.254	0	0	0	0
1.255	0	0	0	0
1.256	0	0	0	0
1.257	0	0	0	0
1.258	0	0	0	0
1.259	0	0	0	0
1.26	0	0	0	0
1.261	0	0	0	0
1.262	0	0	0	0
1.263	0	0	0	0
1.264	0	0	0	0
1.265	0	0	0	0
1.266	0	0	0	0
1.267	0	0	0	0
1.268	0	0	0	0
1.269	0	0	0	0
1.27	0	0	0	0
1.271	0	0	0	0
1.272	0	0	0	0
1.273	0	0	0	0
1.274	0	0	0	0
1.275	0	0	0	0
1.276	0	0	0	0
1.277	0	0	0	0
1.278	0	0	0	0
1.279	0	0	0	0
1.28	0	0	0	0
1.281	0	0	0	0
1.282	0	0	0	0
1.283	0	0	0	0
1.284	0	0	0	0
1.285	0	0	0	0
1.286	0	0	0	0
1.287	0	0	0	0
1.288	0	0	0	0
1.289	0	0	0	0
1.29	0	0	0	0
1.291	0	0	0	0
1.292	0	0	0	0
1.293	0	0	0	0
1.294	0	0	0	0
1.295	0	0	0	0
1.296	0	0	0	0
1.297	0	0	0	0
1.298	0	0	0	0
1.299	0	0	0	0
1.3	0	0	0	0
1.301	0	0	0	0
1.302	0	0	0	0
1.303	0	0	0	0
1.304	0	0	0	0
1.305	0	0	0	0
1.306	0	0	0	0
1.307	0	0	0	0
1.308	0	0	0	0
1.309	0	0	0	0
1.31	0	0	0	0
1.311	0	0	0	0
1.312	0	0	0	0
1.313	0	0	0	0
1.314	0	0	0	0
1.315	0	0	0	0
1.316	0	0	0	0
1.317	0	0	0	0
1.318	0	0	0	0
1.319	0	0	0	0
1.32	0	0	0	0
1.321	0	0	0	0
1.322	0	0	0	0
1.323	0	0	0	0
1.324	0	0	0	0
1.325	0	0	0	0
1.326	0	0	0	0
1.327	0	0	0	0
1.328	0	0	0	0
1.329	0	0	0	0
1.33	0	0	0	0
1.331	0	0	0	0
1.332	0	0	0	0
1.333	0	0	0	0
1.334	0	0	0	0
1.335	0	0	0	0
1.336	0	0	0	0
1.337	0	0	0	0
1.338	0	0	0	0
1.339	0	0	0	0
1.34	0	0	0	0
1.341	0	0	0	0
1.342	0	0	0	0
1.343	0	0	0	0
1.344	0	0	0	0
1.345	0	0	0	0
1.346	0	0	0	0
1.347	0	0	0	0
1.348	0	0	0	0
1.349	0	0	0	0
1.35	0	0	0	0
1.351	0	0	0	0
1.352	0	0	0	0
1.353	0	0	0	0
1.354	0	0	0	0
1.355	0	0	0	0
1.356	0	0	0	0
1.357	0	0	0	0
1.358	0	0	0	0
1.359	0	0	0	0
1.36	0	0	0	0
1.361	0	0	0	0
1.362	0	0	0	0
1.363	0	0	0	0
1.364	0	0	0	0
1.365	0	0	0	0
1.366	0	0	0	0
1.367	0	0	0	0
1.368	0	0	0	0
1.369	0	0	0	0
1.37	0	0	0	0
1.371	0	0	0	0
1.372	0	0	0	0
1.373	0	0	0	0
1.374	0	0	0	0
1.375	0	0	0	0
1.376	0	0	0	0
1.377	0	0	0	0
1.378	0	0	0	0
1.379	0	0	0	0
1.38	0	0	0	0
1.381	0	0	0	0
1.382	0	0	0	0
1.383	0	0	0	0
1.384	0	0	0	0
1.385	0	0	0	0
1.386	0	0	0	0
1.387	0	0	0	0
1.388	0	0	0	0
1.389	0	0	0	0
1.39	0	0	0	0
1.391	0	0	0	0
1.392	0	0	0	0
1.393	0	0	0	0
1.394	0	0	0	0
1.395	0	0	0	0
1.396	0	0	0	0
1.397	0	0	0	0
1.398	0	0	0	0
1.399	0	0	0	0
1.4	0	0	0	0
1.401	0	0	0	0
1.402	0	0	0	0
1.403	69844	0	0	0
1.404	155821	0	0	0
1.405	322874	0	0	0
1.406	256320	0	0	0
1.407	426758	0	0	0
1.408	318151	0	0	0
1.409	256323	0	0	0
1.41	256322	0	0	0
1.411	426757	0	0	0
1.412	309202	0	0	0
1.413	256322	0	0	0
1.414	426753	0	0	0
1.415	309205	0	0	0
1.416	256323	0	0	0
1.417	256322	0	0	0
1.418	426756	0	0	0
1.419	387574	0	0	0
1.42	1264922	0	0	0
1.421	2483062	0	0.0001	0
1.422	3290288	0	0.0002	0
1.423	4124564	0	0.0003	0
1.424	5044678	0	0.0003	0
1.425	6262858	0	0.0004	0
1.426	6865387	0	0.0005	0
1.427	7820395	0	0.0005	0
1.428	8450402	0	0.0006	0
1.429	9667126	0	0.0007	0
1.43	10516467	0	0.0008	0
1.431	10898629	0	0.0008	0
1.432	10635717	0	0.0009	0
1.433	10636051	0	0.001	0
1.434	10225402	0	0.0011	0
1.435	9669851	0	0.0012	0
1.436	9289523	0	0.0012	0
1.437	9289952	0	0.0013	0
1.438	8879352	0	0.0014	0
1.439	8384632	0	0.0014	0
1.44	8384915	0	0.0015	0
1.441	8004768	0	0.0016	0
1.442	7534533	0	0.0017	0
1.443	7051382	0	0.0017	0
1.444	7051721	0	0.0018	0
1.445	6683105	0	0.0019	0
1.446	6420281	0	0.002	0
1.447	6009571	0	0.002	0
1.448	6009918	0	0.0021	0
1.449	5493561	0	0.0022	0
1.45	5113224	0	0.0023	0
1.451	4705598	0	0.0023	0
1.452	4705940	0	0.0024	0
1.453	4250401	0	0.0025	0
1.454	3873083	0	0.0026	0
1.455	3404385	0	0.0026	0
1.456	3404771	0	0.0027	0
1.457	3033335	0	0.0028	0
1.458	2662047	0	0.0029	0
1.459	2293596	0	0.0029	0
1.46	1921905	0	0.003	0
1.461	1922248	0	0.0031	0
1.462	1626118	0	0.0032	0
1.463	1245969	0	0.0032	0
1.464	1246304	0	0.0033	0
1.465	870461	0	0.0034	0
1.466	272544	0	0	0
1.467	272544	0	0	0
1.468	272544	0	0	0
1.469	272544	0	0	0
1.47	272544	0	0	0
1.471	272544	0	0	0
1.472	272544	0	0	0
1.473	272544	0	0	0
1.474	272544	0	0	0
1.475	272544	0	0	0
1.476	272544	0	0	0
1.477	272544	0	0	0
1.478	272544	0	0	0
1.479	272544	0	0	0
1.48	272544	0	0	0
1.481	272544	0	0	0
1.482	272544	0	0	0
1.483	272544	0	0	0
1.484	272544	0	0	0
1.485	272544	0	0	0
1.486	114570	157974	0	0.1485
1.487	0	0	0	0.1486
1.488	0	0	0	0.1486
1.489	0	0	0	0.1486
1.49	0	0	0	0.1486
1.491	0	0	0	0.1486
1.492	0	0	0	0.1486
1.493	0	0	0	0.1486
1.494	0	0	0	0.1486
1.495	0	0	0	0.1486
1.496	0	0	0	0.1486
1.497	0	0	0	0.1486
1.498	0	0	0	0.1486
1.499	0	0	0	0.1486
1.5	0	0	0	0.1486
1.501	0	0	0	0.1486
1.502	0	0	0	0.1486
1.503	0	0	0	0.1486
1.504	0	0	0	0.1486
1.505	0	0	0	0.1486
1.506	0	0	0	0.1486
1.507	0	0	0	0.1486
1.508	0	0	0	0.1486
1.509	0	0	0	0.1486
1.51	0	0	0	0.1486
1.511	0	0	0	0.1486
1.512	0	0	0	0.1486
1.513	0	0	0	0.1486
1.514	0	0	0	0.1486
1.515	0	0	0	0.1486
1.516	0	0	0	0.1486
1.517	0	0	0	0.1486
1.518	0	0	0	0.1486
1.519	0	0	0	0.1486
1.52	0	0	0	0.1486
1.521	0	0	0	0.1486
1.522	0	0	0	0.1486
1.523	0	0	0	0.1486
1.524	0	0	0	0.1486
1.525	0	0	0	0.1486
1.526	0	0	0	0.1486
1.527	0	0	0	0.1486
1.528	0	0	0	0.1486
1.529	0	0	0	0.1486
1.53	0	0	0	0.1486
1.531	0	0	0	0.1486
1.532	0	0	0	0.1486
1.533	0	0	0	0.1486
