0.006 1 1 0
0.00871443 1 3 0
0.012 1 1 5
0.016 1 1 0
0.0187144 1 3 0
0.022 1 1 0
0.026 1 1 0
0.028 1 3 0
0.0287144 1 3 0
0.0296 1 1 0
0.0308083 1 1 0
0.032 1 1 4
0.0346 1 1 0
0.0358083 1 1 0
0.036 1 1 0
0.038 1 3 0
0.0387144 1 3 0
0.0396 1 1 0
0.0408083 1 1 0
0.0419286 1 3 0
0.0419286 1 3 0
0.042 1 1 0
0.0446 1 1 0
0.0458083 1 1 0
0.046 1 1 0
0.047 1 3 0
0.047 1 3 0
0.048 1 3 0
0.0487144 1 3 0
0.0496 1 1 0
0.0508083 1 1 0
0.0519286 1 3 0
0.0519286 1 3 0
0.052 1 1 4
0.0546 1 1 0
0.0558083 1 1 0
0.056 1 1 0
0.057 1 3 0
0.057 1 3 0
0.058 1 3 0
0.0587144 1 3 0
0.0596 1 1 0
0.0608083 1 1 0
0.0619286 1 3 0
0.0619286 1 3 0
0.062 1 1 0
0.0646 1 1 0
0.0658083 1 1 0
0.066 1 1 0
0.067 1 3 0
0.067 1 3 0
0.068 1 3 0
0.0687144 1 3 0
0.0696 1 1 0
0.0708083 1 1 0
0.0719286 1 3 0
0.0719286 1 3 0
0.072 1 1 0
0.0746 1 1 0
0.0758083 1 1 0
0.076 1 1 0
0.077 1 3 0
0.077 1 3 0
0.078 1 3 0
0.0787144 1 3 0
0.0796 1 1 0
0.0808083 1 1 0
0.0819286 1 3 0
0.0819286 1 3 0
0.082 1 1 0
0.0846 1 1 0
0.0858083 1 1 0
0.086 1 1 0
0.087 1 3 0
0.087 1 3 0
0.088 1 3 0
0.0887144 1 3 0
0.0896 1 1 0
0.0908083 1 1 0
0.0919286 1 3 0
0.0919286 1 3 0
0.092 1 1 0
0.0946 1 1 0
0.0958083 1 1 0
0.096 1 1 0
0.097 1 3 0
0.097 1 3 0
0.098 1 3 0
0.0987144 1 3 0
0.0996 1 1 0
0.100808 1 1 0
0.101929 1 3 0
0.101929 1 3 0
0.102 1 1 0
0.1046 1 1 0
0.105808 1 1 0
0.106 1 1 0
0.107 1 3 0
0.107 1 3 0
0.108 1 3 0
0.108714 1 3 0
0.1096 1 1 0
0.110808 1 1 0
0.111929 1 3 0
0.111929 1 3 0
0.112 1 1 0
0.1146 1 1 0
0.115808 1 1 0
0.116 1 1 0
0.117 1 3 0
0.117 1 3 0
0.118 1 3 59
0.118714 1 3 0
0.1196 1 1 0
0.120808 1 1 0
0.121929 1 3 0
0.121929 1 3 0
0.122 1 1 0
0.1246 1 1 0
0.125808 1 1 0
0.126 1 1 0
0.127 1 3 0
0.127 1 3 0
0.128 1 3 0
0.128714 1 3 0
0.1296 1 1 0
0.130808 1 1 0
0.131929 1 3 0
0.131929 1 3 0
0.132 1 1 0
0.1346 1 1 0
0.135808 1 1 0
0.136 1 1 0
0.137 1 3 0
0.137 1 3 0
0.138 1 3 0
0.138714 1 3 0
0.1396 1 1 0
0.140808 1 1 0
0.141929 1 3 0
0.141929 1 3 0
0.142 1 1 0
0.1446 1 1 0
0.145808 1 1 0
0.146 1 1 0
0.147 1 3 0
0.147 1 3 0
0.148 1 3 0
0.148714 1 3 0
0.1496 1 1 0
0.150808 1 1 0
0.151929 1 3 0
0.151929 1 3 0
0.152 1 1 0
0.1546 1 1 0
0.155808 1 1 0
0.156 1 1 0
0.157 1 3 0
0.157 1 3 0
0.158 1 3 0
0.158714 1 3 0
0.1596 1 1 0
0.160808 1 1 0
0.161929 1 3 0
0.161929 1 3 0
0.162 1 1 0
0.1646 1 1 0
0.165808 1 1 0
0.166 1 1 0
0.167 1 3 0
0.167 1 3 0
0.168 1 3 0
0.168714 1 3 0
0.1696 1 1 0
0.170808 1 1 0
0.171929 1 3 0
0.171929 1 3 0
0.172 1 1 0
0.1746 1 1 0
0.175808 1 1 0
0.176 1 1 0
0.177 1 3 0
0.177 1 3 0
0.178 1 3 0
0.178714 1 3 0
0.1796 1 1 0
0.180808 1 1 0
0.181929 1 3 0
0.181929 1 3 0
0.182 1 1 0
0.1846 1 1 0
0.185808 1 1 0
0.186 1 1 0
0.187 1 3 0
0.187 1 3 0
0.188 1 3 55
0.188714 1 3 0
0.1896 1 1 0
0.190808 1 1 0
0.191929 1 3 0
0.191929 1 3 0
0.192 1 1 0
0.1946 1 1 0
0.195808 1 1 0
0.196 1 1 0
0.197 1 3 0
0.197 1 3 0
0.198 1 3 0
0.198714 1 3 0
0.1996 1 1 0
0.200808 1 1 0
0.201929 1 3 0
0.201929 1 3 0
0.202 1 1 0
0.2046 1 1 0
0.205808 1 1 0
0.206 1 1 0
0.207 1 3 0
0.207 1 3 0
0.208 1 3 0
0.208714 1 3 0
0.006 1 1 0
0.00871443 1 3 0
0.012 1 1 5
0.016 1 1 0
0.0187144 1 3 0
0.022 1 1 0
0.026 1 1 0
0.028 1 3 0
0.0287144 1 3 0
0.0296 1 1 0
0.0308083 1 1 0
0.032 1 1 4
0.0346 1 1 0
0.0358083 1 1 0
0.036 1 1 0
0.038 1 3 0
0.0387144 1 3 0
0.0396 1 1 0
0.0408083 1 1 0
0.0419286 1 3 0
0.0419286 1 3 0
0.042 1 1 0
0.0446 1 1 0
0.0458083 1 1 0
0.046 1 1 0
0.047 1 3 0
0.047 1 3 0
0.048 1 3 0
0.0487144 1 3 0
0.0496 1 1 0
0.0508083 1 1 0
0.0519286 1 3 0
0.0519286 1 3 0
0.052 1 1 4
0.0546 1 1 0
0.0558083 1 1 0
0.056 1 1 0
0.057 1 3 0
0.057 1 3 0
0.058 1 3 0
0.0587144 1 3 0
0.0596 1 1 0
0.0608083 1 1 0
0.0619286 1 3 0
0.0619286 1 3 0
0.062 1 1 0
0.0646 1 1 0
0.0658083 1 1 0
0.066 1 1 0
0.067 1 3 0
0.067 1 3 0
0.068 1 3 0
0.0687144 1 3 0
0.0696 1 1 0
0.0708083 1 1 0
0.0719286 1 3 0
0.0719286 1 3 0
0.072 1 1 0
0.0746 1 1 0
0.0758083 1 1 0
0.076 1 1 0
0.077 1 3 0
0.077 1 3 0
0.078 1 3 0
0.0787144 1 3 0
0.0796 1 1 0
0.0808083 1 1 0
0.0819286 1 3 0
0.0819286 1 3 0
0.082 1 1 0
0.0846 1 1 0
0.0858083 1 1 0
0.086 1 1 0
0.087 1 3 0
0.087 1 3 0
0.088 1 3 0
0.0887144 1 3 0
0.0896 1 1 0
0.0908083 1 1 0
0.0919286 1 3 0
0.0919286 1 3 0
0.092 1 1 0
0.0946 1 1 0
0.0958083 1 1 0
0.096 1 1 0
0.097 1 3 0
0.097 1 3 0
0.098 1 3 0
0.0987144 1 3 0
0.0996 1 1 0
0.100808 1 1 0
0.101929 1 3 0
0.101929 1 3 0
0.102 1 1 0
0.1046 1 1 0
0.105808 1 1 0
0.106 1 1 0
0.107 1 3 0
0.107 1 3 0
0.108 1 3 0
0.108714 1 3 0
0.1096 1 1 0
0.110808 1 1 0
0.111929 1 3 0
0.111929 1 3 0
0.112 1 1 0
0.1146 1 1 0
0.115808 1 1 0
0.116 1 1 0
0.117 1 3 0
0.117 1 3 0
0.118 1 3 59
0.118714 1 3 0
0.1196 1 1 0
0.120808 1 1 0
0.121929 1 3 0
0.121929 1 3 0
0.122 1 1 0
0.1246 1 1 0
0.125808 1 1 0
0.126 1 1 0
0.127 1 3 0
0.127 1 3 0
0.128 1 3 0
0.128714 1 3 0
0.1296 1 1 0
0.130808 1 1 0
0.131929 1 3 0
0.131929 1 3 0
0.132 1 1 0
0.1346 1 1 0
0.135808 1 1 0
0.136 1 1 0
0.137 1 3 0
0.137 1 3 0
0.138 1 3 0
0.138714 1 3 0
0.1396 1 1 0
0.140808 1 1 0
0.141929 1 3 0
0.141929 1 3 0
0.142 1 1 0
0.1446 1 1 0
0.145808 1 1 0
0.146 1 1 0
0.147 1 3 0
0.147 1 3 0
0.148 1 3 0
0.148714 1 3 0
0.1496 1 1 0
0.150808 1 1 0
0.151929 1 3 0
0.151929 1 3 0
0.152 1 1 0
0.1546 1 1 0
0.155808 1 1 0
0.156 1 1 0
0.157 1 3 0
0.157 1 3 0
0.158 1 3 0
0.158714 1 3 0
0.1596 1 1 0
0.160808 1 1 0
0.161929 1 3 0
0.161929 1 3 0
0.162 1 1 0
0.1646 1 1 0
0.165808 1 1 0
0.166 1 1 0
0.167 1 3 0
0.167 1 3 0
0.168 1 3 0
0.168714 1 3 0
0.1696 1 1 0
0.170808 1 1 0
0.171929 1 3 0
0.171929 1 3 0
0.172 1 1 0
0.1746 1 1 0
0.175808 1 1 0
0.176 1 1 0
0.177 1 3 0
0.177 1 3 0
0.178 1 3 0
0.178714 1 3 0
0.1796 1 1 0
0.180808 1 1 0
0.181929 1 3 0
0.181929 1 3 0
0.182 1 1 0
0.1846 1 1 0
0.185808 1 1 0
0.186 1 1 0
0.187 1 3 0
0.187 1 3 0
0.188 1 3 55
0.188714 1 3 0
0.1896 1 1 0
0.190808 1 1 0
0.191929 1 3 0
0.191929 1 3 0
0.192 1 1 0
0.1946 1 1 0
0.195808 1 1 0
0.196 1 1 0
0.197 1 3 0
0.197 1 3 0
0.198 1 3 0
0.198714 1 3 0
0.1996 1 1 0
0.200808 1 1 0
0.201929 1 3 0
0.201929 1 3 0
0.202 1 1 0
0.2046 1 1 0
0.205808 1 1 0
0.206 1 1 0
0.207 1 3 0
0.207 1 3 0
0.208 1 3 0
0.208714 1 3 0
0.2096 1 1 0
0.210808 1 1 0
0.211929 1 3 0
0.211929 1 3 0
0.212 1 1 0
0.2146 1 1 0
0.215808 1 1 0
0.216 1 1 0
0.217 1 3 0
0.217 1 3 0
0.218 1 3 0
0.218714 1 3 0
0.2196 1 1 0
0.220808 1 1 0
0.221929 1 3 0
0.221929 1 3 0
0.222 1 1 0
0.2246 1 1 0
0.225808 1 1 0
0.226 1 1 0
0.227 1 3 0
0.227 1 3 0
0.228 1 3 55
0.228714 1 3 0
0.2296 1 1 0
0.230808 1 1 0
0.231929 1 3 0
0.231929 1 3 0
0.232 1 1 0
0.2346 1 1 0
0.235808 1 1 0
0.236 1 1 0
0.237 1 3 0
0.237 1 3 0
0.238 1 3 0
0.238714 1 3 0
0.2396 1 1 0
0.240808 1 1 0
0.241929 1 3 0
0.241929 1 3 0
0.242 1 1 0
0.2446 1 1 0
0.245808 1 1 0
0.246 1 1 0
0.247 1 3 0
0.247 1 3 0
0.248 1 3 0
0.248714 1 3 0
0.2496 1 1 0
0.250808 1 1 0
0.251929 1 3 0
0.251929 1 3 0
0.252 1 1 0
0.2546 1 1 0
0.255808 1 1 0
0.256 1 1 0
0.257 1 3 0
0.257 1 3 0
0.258 1 3 110
0.258714 1 3 0
0.2596 1 1 0
0.260808 1 1 0
0.261929 1 3 0
0.261929 1 3 0
0.262 1 1 0
0.2646 1 1 0
0.265808 1 1 0
0.266 1 1 0
0.267 1 3 0
0.267 1 3 0
0.268 1 3 0
0.268714 1 3 0
0.2696 1 1 0
0.270808 1 1 0
0.271929 1 3 0
0.271929 1 3 0
0.272 1 1 0
0.2746 1 1 0
0.275808 1 1 0
0.276 1 1 0
0.277 1 3 0
0.277 1 3 0
0.278 1 3 0
0.278714 1 3 0
0.2796 1 1 0
0.280808 1 1 0
0.281929 1 3 0
0.281929 1 3 0
0.282 1 1 0
0.2846 1 1 0
0.285808 1 1 0
0.286 1 1 0
0.287 1 3 0
0.287 1 3 0
0.288 1 3 0
0.288714 1 3 0
0.2896 1 1 0
0.290808 1 1 0
0.291929 1 3 0
0.291929 1 3 0
0.292 1 1 0
0.2946 1 1 0
0.295808 1 1 0
0.296 1 1 0
0.297 1 3 0
0.297 1 3 0
0.298 1 3 165
0.298714 1 3 0
0.2996 1 1 0
0.300808 1 1 0
0.301929 1 3 0
0.301929 1 3 0
0.302 1 1 0
0.3046 1 1 0
0.305808 1 1 0
0.306 1 1 0
0.307 1 3 0
0.307 1 3 0
0.308 1 3 0
0.308714 1 3 0
0.3096 1 1 0
0.310808 1 1 0
0.311929 1 3 0
0.311929 1 3 0
0.312 1 1 0
0.3146 1 1 0
0.315808 1 1 0
0.316 1 1 0
0.317 1 3 0
0.317 1 3 0
0.318 1 3 0
0.318714 1 3 0
0.3196 1 1 0
0.320808 1 1 0
0.321929 1 3 0
0.321929 1 3 0
0.322 1 1 0
0.3246 1 1 0
0.325808 1 1 0
0.326 1 1 0
0.327 1 3 0
0.327 1 3 0
0.328 1 3 0
0.328714 1 3 0
0.3296 1 1 0
0.330808 1 1 0
0.331929 1 3 0
0.331929 1 3 0
0.332 1 1 0
0.3346 1 1 0
0.335808 1 1 0
0.336 1 1 0
0.337 1 3 0
0.337 1 3 0
0.338 1 3 0
0.338714 1 3 0
0.3396 1 1 0
0.340808 1 1 0
0.341929 1 3 0
0.341929 1 3 0
0.342 1 1 0
0.3446 1 1 0
0.345808 1 1 0
0.346 1 1 0
0.347 1 3 0
0.347 1 3 0
0.348 1 3 0
0.348714 1 3 0
0.3496 1 1 0
0.350808 1 1 0
0.351929 1 3 0
0.351929 1 3 0
0.352 1 1 0
0.3546 1 1 0
0.355808 1 1 0
0.356 1 1 0
0.357 1 3 0
0.357 1 3 0
0.358 1 3 0
0.358714 1 3 0
0.3596 1 1 0
0.360808 1 1 0
0.361929 1 3 0
0.361929 1 3 0
0.362 1 1 0
0.3646 1 1 0
0.365808 1 1 0
0.366 1 1 0
0.367 1 3 0
0.367 1 3 0
0.368 1 3 330
0.368714 1 3 0
0.3696 1 1 0
0.370808 1 1 0
0.371929 1 3 0
0.371929 1 3 0
0.372 1 1 0
0.3746 1 1 0
0.375808 1 1 0
0.376 1 1 0
0.377 1 3 0
0.377 1 3 0
0.378 1 3 0
0.378714 1 3 0
0.3796 1 1 0
0.380808 1 1 0
0.381929 1 3 0
0.381929 1 3 0
0.382 1 1 0
0.3846 1 1 0
0.385808 1 1 0
0.386 1 1 0
0.387 1 3 0
0.387 1 3 0
0.388 1 3 0
0.388714 1 3 0
0.3896 1 1 0
0.390808 1 1 0
0.391929 1 3 0
0.391929 1 3 0
0.392 1 1 0
0.3946 1 1 0
0.395808 1 1 0
0.396 1 1 0
0.397 1 3 0
0.397 1 3 0
0.398 1 3 0
0.398714 1 3 0
0.3996 1 1 0
0.400808 1 1 0
0.401929 1 3 0
0.401929 1 3 0
0.402 1 1 0
0.4046 1 1 0
0.405808 1 1 0
0.406 1 1 0
0.407 1 3 0
0.407 1 3 0
0.408 1 3 495
0.408714 1 3 0
0.4096 1 1 0
0.410808 1 1 0
0.411929 1 3 0
0.411929 1 3 0
0.412 1 1 0
0.4146 1 1 0
0.415808 1 1 0
0.416 1 1 0
0.417 1 3 0
0.417 1 3 0
0.418 1 3 0
0.418714 1 3 0
0.4196 1 1 0
0.420808 1 1 0
0.421929 1 3 0
0.421929 1 3 0
0.422 1 1 0
0.4246 1 1 0
0.425808 1 1 0
0.426 1 1 0
0.427 1 3 0
0.427 1 3 0
0.428 1 3 0
0.428714 1 3 0
0.4296 1 1 0
0.430808 1 1 0
0.431929 1 3 0
0.431929 1 3 0
0.432 1 1 0
0.4346 1 1 0
0.435808 1 1 0
0.436 1 1 0
0.437 1 3 0
0.437 1 3 0
0.438 1 3 770
0.438714 1 3 0
0.4396 1 1 0
0.440808 1 1 0
0.441929 1 3 0
0.441929 1 3 0
0.442 1 1 0
0.4446 1 1 0
0.445808 1 1 0
0.446 1 1 0
0.447 1 3 0
0.447 1 3 0
0.448 1 3 0
0.448714 1 3 0
0.4496 1 1 0
0.450808 1 1 0
0.451929 1 3 0
0.451929 1 3 0
0.452 1 1 0
0.4546 1 1 0
0.455808 1 1 0
0.456 1 1 0
0.457 1 3 0
0.457 1 3 0
0.458 1 3 0
0.458714 1 3 0
0.4596 1 1 0
0.460808 1 1 0
0.461929 1 3 0
0.461929 1 3 0
0.462 1 1 0
0.4646 1 1 0
0.465808 1 1 0
0.466 1 1 0
0.467 1 3 0
0.467 1 3 0
0.468 1 3 0
0.468714 1 3 0
0.4696 1 1 0
0.470808 1 1 0
0.471929 1 3 0
0.471929 1 3 0
0.472 1 1 0
0.4746 1 1 0
0.475808 1 1 0
0.476 1 1 0
0.477 1 3 0
0.477 1 3 0
0.478 1 3 1155
0.478714 1 3 0
0.4796 1 1 0
0.480808 1 1 0
0.481929 1 3 0
0.481929 1 3 0
0.482 1 1 0
0.4846 1 1 0
0.485808 1 1 0
0.486 1 1 0
0.487 1 3 0
0.487 1 3 0
0.488 1 3 0
0.488714 1 3 0
0.4896 1 1 0
0.490808 1 1 0
0.491929 1 3 0
0.491929 1 3 0
0.492 1 1 0
0.4946 1 1 0
0.495808 1 1 0
0.496 1 1 0
0.497 1 3 0
0.497 1 3 0
0.498 1 3 0
0.498714 1 3 0
0.4996 1 1 0
0.500808 1 1 0
0.501929 1 3 0
0.501929 1 3 0
0.502 1 1 0
0.5046 1 1 0
0.505808 1 1 0
0.506 1 1 0
0.507 1 3 0
0.507 1 3 0
0.508 1 3 0
0.508714 1 3 0
0.5096 1 1 0
0.510808 1 1 0
0.511929 1 3 0
0.511929 1 3 0
0.512 1 1 0
0.5146 1 1 0
0.515808 1 1 0
0.516 1 1 0
0.517 1 3 0
0.517 1 3 0
0.518 1 3 0
0.518714 1 3 0
0.5196 1 1 0
0.520808 1 1 0
0.521929 1 3 0
0.521929 1 3 0
0.522 1 1 0
0.5246 1 1 0
0.525808 1 1 0
0.526 1 1 0
0.527 1 3 0
0.527 1 3 0
0.528 1 3 0
0.528714 1 3 0
0.5296 1 1 0
0.530808 1 1 0
0.531929 1 3 0
0.531929 1 3 0
0.532 1 1 0
0.5346 1 1 0
0.535808 1 1 0
0.536 1 1 0
0.537 1 3 0
0.537 1 3 0
0.538 1 3 0
0.538714 1 3 0
0.5396 1 1 0
0.540808 1 1 0
0.541929 1 3 0
0.541929 1 3 0
0.542 1 1 0
0.5446 1 1 0
0.545808 1 1 0
0.546 1 1 0
0.547 1 3 0
0.547 1 3 0
0.548 1 3 2585
0.548714 1 3 0
0.5496 1 1 0
0.550808 1 1 0
0.551929 1 3 0
0.551929 1 3 0
0.552 1 1 0
0.5546 1 1 0
0.555808 1 1 0
0.556 1 1 0
0.557 1 3 0
0.557 1 3 0
0.558 1 3 0
0.558714 1 3 0
0.5596 1 1 0
0.560808 1 1 0
0.561929 1 3 0
0.561929 1 3 0
0.562 1 1 0
0.5646 1 1 0
0.565808 1 1 0
0.566 1 1 0
0.567 1 3 0
0.567 1 3 0
0.568 1 3 0
0.568714 1 3 0
0.5696 1 1 0
0.570808 1 1 0
0.571929 1 3 0
0.571929 1 3 0
0.572 1 1 0
0.5746 1 1 0
0.575808 1 1 0
0.576 1 1 0
0.577 1 3 0
0.577 1 3 0
0.578 1 3 0
0.578714 1 3 0
0.5796 1 1 0
0.580808 1 1 0
0.581929 1 3 0
0.581929 1 3 0
0.582 1 1 0
0.5846 1 1 0
0.585808 1 1 0
0.586 1 1 0
0.587 1 3 0
0.587 1 3 0
0.588 1 3 3850
0.588714 1 3 0
0.5896 1 1 0
0.590808 1 1 0
0.591929 1 3 0
0.591929 1 3 0
0.592 1 1 0
0.5946 1 1 0
0.595808 1 1 0
0.596 1 1 0
0.597 1 3 0
0.597 1 3 0
0.598 1 3 0
0.598714 1 3 0
0.5996 1 1 0
0.600808 1 1 0
0.601929 1 3 0
0.601929 1 3 0
0.602 1 1 0
0.6046 1 1 0
0.605808 1 1 0
0.606 1 1 0
0.607 1 3 0
0.607 1 3 0
0.608 1 3 0
0.608714 1 3 0
0.6096 1 1 0
0.610808 1 1 0
0.611929 1 3 0
0.611929 1 3 0
0.612 1 1 0
0.6146 1 1 0
0.615808 1 1 0
0.616 1 1 0
0.617 1 3 0
0.617 1 3 0
0.618 1 3 5775
0.618714 1 3 0
0.6196 1 1 0
0.620808 1 1 0
0.621929 1 3 0
0.621929 1 3 0
0.622 1 1 0
0.6246 1 1 0
0.625808 1 1 0
0.626 1 1 0
0.627 1 3 0
0.627 1 3 0
0.628 1 3 0
0.628714 1 3 0
0.6296 1 1 0
0.630808 1 1 0
0.631929 1 3 0
0.631929 1 3 0
0.632 1 1 0
0.6346 1 1 0
0.635808 1 1 0
0.636 1 1 0
0.637 1 3 0
0.637 1 3 0
0.638 1 3 0
0.638714 1 3 0
0.6396 1 1 0
0.640808 1 1 0
0.641929 1 3 0
0.641929 1 3 0
0.642 1 1 0
0.6446 1 1 0
0.645808 1 1 0
0.646 1 1 0
0.647 1 3 0
0.647 1 3 0
0.648 1 3 0
0.648714 1 3 0
0.6496 1 1 0
0.650808 1 1 0
0.651929 1 3 0
0.651929 1 3 0
0.652 1 1 0
0.6546 1 1 0
0.655808 1 1 0
0.656 1 1 0
0.657 1 3 0
0.657 1 3 0
0.658 1 3 8690
0.658714 1 3 0
0.6596 1 1 0
0.660808 1 1 0
0.661929 1 3 0
0.661929 1 3 0
0.662 1 1 0
0.6646 1 1 0
0.665808 1 1 0
0.666 1 1 0
0.667 1 3 0
0.667 1 3 0
0.668 1 3 0
0.668714 1 3 0
0.6696 1 1 0
0.670808 1 1 0
0.671929 1 3 0
0.671929 1 3 0
0.672 1 1 0
0.6746 1 1 0
0.675808 1 1 0
0.676 1 1 0
0.677 1 3 0
0.677 1 3 0
0.678 1 3 0
0.678714 1 3 0
0.6796 1 1 0
0.680808 1 1 0
0.681929 1 3 0
0.681929 1 3 0
0.682 1 1 0
0.6846 1 1 0
0.685808 1 1 0
0.686 1 1 0
0.687 1 3 0
0.687 1 3 0
0.688 1 3 0
0.688714 1 3 0
0.6896 1 1 0
0.690808 1 1 0
0.691929 1 3 107969
0.691929 1 3 0
0.692 1 1 0
0.6946 1 1 0
0.695808 1 1 0
0.696 1 1 0
0.697 1 3 0
0.697 1 3 0
0.698 1 3 0
0.698714 1 3 0
0.6996 1 1 0
0.700808 1 1 0
0.701929 1 3 0
0.701929 1 3 0
0.702 1 1 0
0.7046 1 1 0
0.705808 1 1 0
0.706 1 1 0
0.707 1 3 0
0.707 1 3 0
0.708 1 3 0
0.708714 1 3 0
0.7096 1 1 0
0.710808 1 1 0
0.711929 1 3 0
0.711929 1 3 0
0.712 1 1 0
0.7146 1 1 0
0.715808 1 1 0
0.716 1 1 0
0.717 1 3 0
0.717 1 3 0
0.718 1 3 0
0.718714 1 3 0
0.7196 1 1 0
0.720808 1 1 0
0.721929 1 3 0
0.721929 1 3 0
0.722 1 1 0
0.7246 1 1 0
0.725808 1 1 0
0.726 1 1 0
0.727 1 3 0
0.727 1 3 0
0.728 1 3 1265
0.728714 1 3 0
0.7296 1 1 0
0.730808 1 1 0
0.731929 1 3 0
0.731929 1 3 0
0.732 1 1 0
0.7346 1 1 0
0.735808 1 1 0
0.736 1 1 0
0.737 1 3 0
0.737 1 3 0
0.738 1 3 0
0.738714 1 3 0
0.7396 1 1 0
0.740808 1 1 0
0.741929 1 3 0
0.741929 1 3 0
0.742 1 1 0
0.7446 1 1 0
0.745808 1 1 0
0.746 1 1 0
0.747 1 3 0
0.747 1 3 0
0.748 1 3 0
0.748714 1 3 0
0.7496 1 1 0
0.750808 1 1 0
0.751929 1 3 0
0.751929 1 3 0
0.752 1 1 0
0.7546 1 1 0
0.755808 1 1 0
0.756 1 1 0
0.757 1 3 0
0.757 1 3 0
0.758 1 3 15361
0.758714 1 3 0
0.7596 1 1 0
0.760808 1 1 0
0.761929 1 3 163326
0.761929 1 3 0
0.762 1 1 0
0.7646 1 1 0
0.765808 1 1 0
0.766 1 1 0
0.767 1 3 0
0.767 1 3 0
0.768 1 3 0
0.768714 1 3 0
0.7696 1 1 0
0.770808 1 1 0
0.771929 1 3 0
0.771929 1 3 0
0.772 1 1 0
0.7746 1 1 0
0.775808 1 1 0
0.776 1 1 0
0.777 1 3 0
0.777 1 3 0
0.778 1 3 0
0.778714 1 3 0
0.7796 1 1 0
0.780808 1 1 0
0.781929 1 3 0
0.781929 1 3 0
0.782 1 1 0
0.7846 1 1 0
0.785808 1 1 0
0.786 1 1 0
0.787 1 3 0
0.787 1 3 0
0.788 1 3 12210
0.788714 1 3 0
0.7896 1 1 0
0.790808 1 1 0
0.791929 1 3 1110031
0.791929 1 3 70115
0.792 1 1 0
0.7946 1 1 0
0.795808 1 1 0
0.796 1 1 0
0.797 1 3 0
0.797 1 3 0
0.798 1 3 0
0.798714 1 3 0
0.7996 1 1 0
0.800808 1 1 0
0.801929 1 3 0
0.801929 1 3 0
0.802 1 1 0
0.8046 1 1 0
0.805808 1 1 0
0.806 1 1 0
0.807 1 3 0
0.807 1 3 0
0.808 1 3 0
0.808714 1 3 0
0.8096 1 1 0
0.810808 1 1 0
0.811929 1 3 0
0.811929 1 3 0
0.812 1 1 0
0.8146 1 1 0
0.815808 1 1 0
0.816 1 1 0
0.817 1 3 0
0.817 1 3 0
0.818 1 3 0
0.818714 1 3 0
0.8196 1 1 0
0.820808 1 1 0
0.821929 1 3 493836
0.821929 1 3 338528
0.822 1 1 0
0.8246 1 1 0
0.825808 1 1 0
0.826 1 1 0
0.827 1 3 0
0.827 1 3 0
0.828 1 3 41195
0.828714 1 3 0
0.8296 1 1 0
0.830808 1 1 0
0.831929 1 3 1052978
0.831929 1 3 0
0.832 1 1 0
0.8346 1 1 0
0.835808 1 1 0
0.836 1 1 0
0.837 1 3 0
0.837 1 3 0
0.838 1 3 0
0.838714 1 3 0
0.8396 1 1 0
0.840808 1 1 0
0.841929 1 3 0
0.841929 1 3 0
0.842 1 1 0
0.8446 1 1 0
0.845808 1 1 0
0.846 1 1 0
0.847 1 3 0
0.847 1 3 0
0.848 1 3 0
0.848714 1 3 0
0.8496 1 1 0
0.850808 1 1 0
0.851929 1 3 0
0.851929 1 3 0
0.852 1 1 0
0.8546 1 1 0
0.855808 1 1 0
0.856 1 1 0
0.857 1 3 0
0.857 1 3 0
0.858 1 3 715
0.858714 1 3 0
0.8596 1 1 0
0.860808 1 1 0
0.861929 1 3 2642290
0.861929 1 3 1876975
0.862 1 1 0
0.8646 1 1 0
0.865808 1 1 0
0.866 1 1 0
0.867 1 3 0
0.867 1 3 0
0.868 1 3 38992
0.868714 1 3 0
0.8696 1 1 0
0.870808 1 1 0
0.871929 1 3 1984266
0.871929 1 3 188984
0.872 1 1 0
0.8746 1 1 0
0.875808 1 1 0
0.876 1 1 0
0.877 1 3 0
0.877 1 3 0
0.878 1 3 0
0.878714 1 3 0
0.8796 1 1 0
0.880808 1 1 0
0.881929 1 3 0
0.881929 1 3 0
0.882 1 1 0
0.8846 1 1 0
0.885808 1 1 0
0.886 1 1 0
0.887 1 3 0
0.887 1 3 0
0.888 1 3 0
0.888714 1 3 0
0.8896 1 1 0
0.890808 1 1 0
0.891929 1 3 0
0.891929 1 3 0
0.892 1 1 0
0.8946 1 1 0
0.895808 1 1 0
0.896 1 1 0
0.897 1 3 0
0.897 1 3 0
0.898 1 3 22825
0.898714 1 3 0
0.8996 1 1 0
0.900808 1 1 0
0.901929 1 3 4620005
0.901929 1 3 3870351
0.902 1 1 0
0.9046 1 1 0
0.905808 1 1 0
0.906 1 1 0
0.907 1 3 0
0.907 1 3 0
0.908 1 3 19975
0.908714 1 3 0
0.9096 1 1 0
0.910808 1 1 0
0.911929 1 3 3658977
0.911929 1 3 1980907
0.912 1 1 0
0.9146 1 1 0
0.915808 1 1 0
0.916 1 1 0
0.917 1 3 0
0.917 1 3 0
0.918 1 3 5335
0.918714 1 3 0
0.9196 1 1 0
0.920808 1 1 0
0.921929 1 3 1397844
0.921929 1 3 0
0.922 1 1 0
0.9246 1 1 0
0.925808 1 1 0
0.926 1 1 0
0.927 1 3 0
0.927 1 3 0
0.928 1 3 0
0.928714 1 3 0
0.9296 1 1 0
0.930808 1 1 0
0.931929 1 3 1487044
0.931929 1 3 1313486
0.932 1 1 0
0.9346 1 1 0
0.935808 1 1 0
0.936 1 1 0
0.937 1 3 0
0.937 1 3 0
0.938 1 3 40441
0.938714 1 3 0
0.9396 1 1 0
0.940808 1 1 0
0.941929 1 3 6228413
0.941929 1 3 5044257
0.942 1 1 0
0.9446 1 1 0
0.945808 1 1 0
0.946 1 1 0
0.947 1 3 0
0.947 1 3 0
0.948 1 3 8715
0.948714 1 3 0
0.9496 1 1 0
0.950808 1 1 0
0.951929 1 3 6483139
0.951929 1 3 4421649
0.952 1 1 0
0.9546 1 1 0
0.955808 1 1 0
0.956 1 1 0
0.957 1 3 0
0.957 1 3 0
0.958 1 3 7535
0.958714 1 3 0
0.9596 1 1 0
0.960808 1 1 0
0.961929 1 3 4192622
0.961929 1 3 1104096
0.962 1 1 0
0.9646 1 1 0
0.965808 1 1 0
0.966 1 1 0
0.967 1 3 0
0.967 1 3 0
0.968 1 3 5500
0.968714 1 3 0
0.9696 1 1 0
0.970808 1 1 0
0.971929 1 3 6973618
0.971929 1 3 2856388
0.972 1 1 0
0.9746 1 1 0
0.975808 1 1 0
0.976 1 1 0
0.977 1 3 0
0.977 1 3 0
0.978 1 3 6215
0.978714 1 3 0
0.9796 1 1 0
0.980808 1 1 0
0.981929 1 3 10347040
0.981929 1 3 5968976
0.982 1 1 0
0.9846 1 1 0
0.985808 1 1 0
0.986 1 1 0
0.987 1 3 0
0.987 1 3 0
0.988 1 3 7040
0.988714 1 3 0
0.9896 1 1 0
0.990808 1 1 0
0.991929 1 3 10391231
0.991929 1 3 7731771
0.992 1 1 0
0.9946 1 1 0
0.995808 1 1 0
0.996 1 1 0
0.997 1 3 0
0.997 1 3 0
0.998 1 3 4015
0.998714 1 3 0
0.9996 1 1 0
1.00081 1 1 0
1.00193 1 3 10349034
1.00193 1 3 9112739
1.002 1 1 0
1.0046 1 1 0
1.00581 1 1 0
1.006 1 1 0
1.007 1 3 0
1.007 1 3 0
1.008 1 3 5775
1.00871 1 3 0
1.0096 1 1 0
1.01081 1 1 0
1.01193 1 3 10369948
1.01193 1 3 10252553
1.012 1 1 0
1.0146 1 1 0
1.01581 1 1 0
1.016 1 1 0
1.017 1 3 0
1.017 1 3 0
1.018 1 3 5885
1.01871 1 3 0
1.0196 1 1 0
1.02081 1 1 0
1.02193 1 3 10412813
1.02193 1 3 10306595
1.022 1 1 0
1.0246 1 1 0
1.02581 1 1 0
1.026 1 1 0
1.027 1 3 0
1.027 1 3 0
1.028 1 3 5830
1.02871 1 3 0
1.0296 1 1 0
1.03081 1 1 0
1.03193 1 3 10484952
1.03193 1 3 8570286
1.032 1 1 0
1.0346 1 1 0
1.03581 1 1 0
1.036 1 1 0
1.037 1 3 0
1.037 1 3 0
1.038 1 3 5775
1.03871 1 3 0
1.0396 1 1 0
1.04081 1 1 0
1.04193 1 3 10471807
1.04193 1 3 6647256
1.042 1 1 0
1.0446 1 1 0
1.04581 1 1 0
1.046 1 1 0
1.047 1 3 0
1.047 1 3 0
1.048 1 3 0
1.04871 1 3 0
1.0496 1 1 0
1.05081 1 1 0
1.05193 1 3 10474859
1.05193 1 3 4770513
1.052 1 1 0
1.0546 1 1 0
1.05581 1 1 0
1.056 1 1 0
1.057 1 3 0
1.057 1 3 0
1.058 1 3 0
1.05871 1 3 0
1.0596 1 1 0
1.06081 1 1 0
1.06193 1 3 10471313
1.06193 1 3 2889026
1.062 1 1 0
1.0646 1 1 0
1.06581 1 1 0
1.066 1 1 0
1.067 1 3 0
1.067 1 3 0
1.068 1 3 0
1.06871 1 3 0
1.0696 1 1 0
1.07081 1 1 0
1.07193 1 3 10418452
1.07193 1 3 1049910
1.072 1 1 0
1.0746 1 1 0
1.07581 1 1 0
1.076 1 1 0
1.077 1 3 0
1.077 1 3 0
1.078 1 3 0
1.07871 1 3 0
1.0796 1 1 0
1.08081 1 1 0
1.08193 1 3 10471405
1.08193 1 3 5830
1.082 1 1 0
1.0846 1 1 0
1.08581 1 1 0
1.086 1 1 0
1.087 1 3 0
1.087 1 3 0
1.088 1 3 0
1.08871 1 3 0
1.0896 1 1 0
1.09081 1 1 0
1.09193 1 3 10472201
1.09193 1 3 4376
1.092 1 1 0
1.0946 1 1 0
1.09581 1 1 0
1.096 1 1 0
1.097 1 3 0
1.097 1 3 0
1.098 1 3 0
1.09871 1 3 0
1.0996 1 1 0
1.10081 1 1 0
1.10193 1 3 10484936
1.10193 1 3 83055
1.102 1 1 0
1.1046 1 1 0
1.10581 1 1 0
1.106 1 1 0
1.107 1 3 0
1.107 1 3 0
1.108 1 3 0
1.10871 1 3 0
1.1096 1 1 0
1.11081 1 1 0
1.11193 1 3 10473785
1.11193 1 3 69129
1.112 1 1 0
1.1146 1 1 0
1.11581 1 1 0
1.116 1 1 0
1.117 1 3 0
1.117 1 3 0
1.118 1 3 0
1.11871 1 3 0
1.1196 1 1 0
1.12081 1 1 0
1.12193 1 3 10473247
1.12193 1 3 29167
1.122 1 1 0
1.1246 1 1 0
1.12581 1 1 0
1.126 1 1 0
1.127 1 3 0
1.127 1 3 0
1.128 1 3 0
1.12871 1 3 0
1.1296 1 1 0
1.13081 1 1 0
1.13193 1 3 10471802
1.13193 1 3 5830
1.132 1 1 0
1.1346 1 1 0
1.13581 1 1 0
1.136 1 1 0
1.137 1 3 0
1.137 1 3 0
1.138 1 3 0
1.13871 1 3 0
1.1396 1 1 0
1.14081 1 1 0
1.14193 1 3 10474179
1.14193 1 3 5849
1.142 1 1 0
1.1446 1 1 0
1.14581 1 1 0
1.146 1 1 0
1.147 1 3 0
1.147 1 3 0
1.148 1 3 4284
1.14871 1 3 0
1.1496 1 1 0
1.15081 1 1 0
1.15193 1 3 10474127
1.15193 1 3 28948
1.152 1 1 0
1.1546 1 1 0
1.15581 1 1 0
1.156 1 1 0
1.157 1 3 0
1.157 1 3 0
1.158 1 3 0
1.15871 1 3 0
1.1596 1 1 0
1.16081 1 1 0
1.16193 1 3 9273140
1.16193 1 3 0
1.162 1 1 0
1.1646 1 1 0
1.16581 1 1 0
1.166 1 1 0
1.167 1 3 0
1.167 1 3 0
1.168 1 3 0
1.16871 1 3 0
1.1696 1 1 0
1.17081 1 1 0
1.17193 1 3 7605164
1.17193 1 3 0
1.172 1 1 0
1.1746 1 1 0
1.17581 1 1 0
1.176 1 1 0
1.177 1 3 0
1.177 1 3 0
1.178 1 3 0
1.17871 1 3 0
1.1796 1 1 0
1.18081 1 1 0
1.18193 1 3 6011864
1.18193 1 3 0
1.182 1 1 0
1.1846 1 1 0
1.18581 1 1 0
1.186 1 1 0
1.187 1 3 0
1.187 1 3 0
1.188 1 3 0
1.18871 1 3 0
1.1896 1 1 0
1.19081 1 1 0
1.19193 1 3 4624922
1.19193 1 3 0
1.192 1 1 0
1.1946 1 1 0
1.19581 1 1 0
1.196 1 1 0
1.197 1 3 0
1.197 1 3 0
1.198 1 3 0
1.19871 1 3 0
1.1996 1 1 0
1.20081 1 1 0
1.20193 1 3 2956502
1.20193 1 3 0
1.202 1 1 0
1.2046 1 1 0
1.20581 1 1 0
1.206 1 1 0
1.207 1 3 0
1.207 1 3 0
1.208 1 3 0
1.20871 1 3 0
1.2096 1 1 0
1.21081 1 1 0
1.21193 1 3 1302477
1.21193 1 3 0
1.212 1 1 0
1.2146 1 1 0
1.21581 1 1 0
1.216 1 1 0
1.217 1 3 0
1.217 1 3 0
1.218 1 3 0
1.21871 1 3 0
1.2196 1 1 0
1.22081 1 1 0
1.22193 1 3 0
1.22193 1 3 0
1.222 1 1 0
1.2246 1 1 0
1.22581 1 1 0
1.226 1 1 0
1.227 1 3 0
1.227 1 3 0
1.228 1 3 0
1.22871 1 3 0
1.2296 1 1 0
1.23081 1 1 0
1.23193 1 3 0
1.23193 1 3 0
1.232 1 1 0
1.2346 1 1 0
1.23581 1 1 0
1.236 1 1 0
1.237 1 3 0
1.237 1 3 0
1.238 1 3 0
1.23871 1 3 0
1.2396 1 1 0
1.24081 1 1 0
1.24193 1 3 0
1.24193 1 3 0
1.242 1 1 0
1.2446 1 1 0
1.24581 1 1 0
1.246 1 1 0
1.247 1 3 0
1.247 1 3 0
1.248 1 3 0
1.24871 1 3 0
1.2496 1 1 0
1.25081 1 1 0
1.25193 1 3 0
1.25193 1 3 0
1.252 1 1 0
1.2546 1 1 0
1.25581 1 1 0
1.256 1 1 0
1.257 1 3 0
1.257 1 3 0
1.258 1 3 0
1.25871 1 3 0
1.2596 1 1 0
1.26081 1 1 0
1.26193 1 3 0
1.26193 1 3 0
1.262 1 1 0
1.2646 1 1 0
1.26581 1 1 0
1.266 1 1 0
1.267 1 3 0
1.267 1 3 0
1.268 1 3 0
1.26871 1 3 0
1.2696 1 1 0
1.27081 1 1 0
1.27193 1 3 0
1.27193 1 3 0
1.272 1 1 0
1.2746 1 1 0
1.27581 1 1 0
1.276 1 1 0
1.277 1 3 0
1.277 1 3 0
1.278 1 3 0
1.27871 1 3 0
1.2796 1 1 0
1.28081 1 1 0
1.28193 1 3 0
1.28193 1 3 0
1.282 1 1 0
1.2846 1 1 0
1.28581 1 1 0
1.286 1 1 0
1.287 1 3 0
1.287 1 3 0
1.288 1 3 1229980
1.28871 1 3 0
1.2896 1 1 0
1.29081 1 1 0
1.29193 1 3 0
1.29193 1 3 0
1.292 1 1 0
1.2946 1 1 0
1.29581 1 1 0
1.296 1 1 0
1.297 1 3 0
1.297 1 3 0
1.298 1 3 1174531
1.29871 1 3 0
1.2996 1 1 0
1.30081 1 1 0
1.30193 1 3 0
1.30193 1 3 0
1.302 1 1 0
1.3046 1 1 0
1.30581 1 1 0
1.306 1 1 0
1.307 1 3 0
1.307 1 3 0
1.308 1 3 1082111
1.30871 1 3 0
1.3096 1 1 0
1.31081 1 1 0
1.31193 1 3 0
1.31193 1 3 0
1.312 1 1 0
1.3146 1 1 0
1.31581 1 1 0
1.316 1 1 0
1.317 1 3 0
1.317 1 3 0
1.318 1 3 989691
1.31871 1 3 0
1.3196 1 1 0
1.32081 1 1 0
1.32193 1 3 0
1.32193 1 3 0
1.322 1 1 0
1.3246 1 1 0
1.32581 1 1 0
1.326 1 1 0
1.327 1 3 0
1.327 1 3 0
1.328 1 3 897271
1.32871 1 3 0
1.3296 1 1 0
1.33081 1 1 0
1.33193 1 3 0
1.33193 1 3 0
1.332 1 1 0
1.3346 1 1 0
1.33581 1 1 0
1.336 1 1 0
1.337 1 3 0
1.337 1 3 0
1.338 1 3 804851
1.33871 1 3 0
1.3396 1 1 0
1.34081 1 1 0
1.34193 1 3 0
1.34193 1 3 0
1.342 1 1 0
1.3446 1 1 0
1.34581 1 1 0
1.346 1 1 0
1.347 1 3 0
1.347 1 3 0
1.348 1 3 712422
1.34871 1 3 0
1.3496 1 1 0
1.35081 1 1 0
1.35193 1 3 0
1.35193 1 3 0
1.352 1 1 0
1.3546 1 1 0
1.35581 1 1 0
1.356 1 1 0
1.357 1 3 0
1.357 1 3 0
1.358 1 3 619992
1.35871 1 3 0
1.3596 1 1 0
1.36081 1 1 0
1.36193 1 3 0
1.36193 1 3 0
1.362 1 1 0
1.3646 1 1 0
1.36581 1 1 0
1.366 1 1 0
1.367 1 3 0
1.367 1 3 0
1.368 1 3 527562
1.36871 1 3 0
1.3696 1 1 0
1.37081 1 1 0
1.37193 1 3 0
1.37193 1 3 0
1.372 1 1 0
1.3746 1 1 0
1.37581 1 1 0
1.376 1 1 0
1.377 1 3 0
1.377 1 3 0
1.378 1 3 435132
1.37871 1 3 0
1.3796 1 1 0
1.38081 1 1 0
1.38193 1 3 0
1.38193 1 3 0
1.382 1 1 0
1.3846 1 1 0
1.38581 1 1 0
1.386 1 1 0
1.387 1 3 0
1.387 1 3 0
1.388 1 3 355184
1.38871 1 3 0
1.3896 1 1 0
1.39081 1 1 0
1.39193 1 3 0
1.39193 1 3 0
1.392 1 1 0
1.3946 1 1 0
1.39581 1 1 0
1.396 1 1 0
1.397 1 3 0
1.397 1 3 0
1.398 1 3 262754
1.39871 1 3 0
1.3996 1 1 0
1.40081 1 1 0
1.40193 1 3 0
1.40193 1 3 0
1.402 1 1 0
1.4046 1 1 0
1.40581 1 1 0
1.406 1 1 0
1.407 1 3 0
1.407 1 3 0
1.408 1 3 170324
1.40871 1 3 0
1.4096 1 1 0
1.41081 1 1 0
1.41193 1 3 10664
1.41193 1 3 0
1.412 1 1 0
1.4146 1 1 0
1.41581 1 1 0
1.416 1 1 0
1.417 1 3 0
1.417 1 3 0
1.418 1 3 77894
1.41871 1 3 0
1.4196 1 1 0
1.42081 1 1 0
1.42193 1 3 3187494
1.42193 1 3 2669726
1.422 1 1 0
1.4246 1 1 0
1.42581 1 1 0
1.426 1 1 0
1.427 1 3 0
1.427 1 3 0
1.428 1 3 0
1.42871 1 3 0
1.4296 1 1 0
1.43081 1 1 0
1.43193 1 3 10303240
1.43193 1 3 10224629
1.432 1 1 0
1.4346 1 1 0
1.43581 1 1 0
1.436 1 1 0
1.437 1 3 0
1.437 1 3 0
1.438 1 3 0
1.43871 1 3 0
1.4396 1 1 0
1.44081 1 1 0
1.44193 1 3 8532153
1.44193 1 3 7051041
1.442 1 1 0
1.4446 1 1 0
1.44581 1 1 0
1.446 1 1 0
1.447 1 3 0
1.447 1 3 0
1.448 1 3 0
1.44871 1 3 0
1.4496 1 1 0
1.45081 1 1 0
1.45193 1 3 6771680
1.45193 1 3 4060596
1.452 1 1 0
1.4546 1 1 0
1.45581 1 1 0
1.456 1 1 0
1.457 1 3 0
1.457 1 3 0
1.458 1 3 0
1.45871 1 3 0
1.4596 1 1 0
1.46081 1 1 0
1.46193 1 3 5120507
1.46193 1 3 1099065
1.462 1 1 0
1.4646 1 1 0
1.46581 1 1 0
1.466 1 1 0
1.467 1 3 0
1.467 1 3 0
1.468 1 3 0
1.46871 1 3 0
1.4696 1 1 0
1.47081 1 1 0
1.47193 1 3 3389346
1.47193 1 3 0
1.472 1 1 0
1.4746 1 1 0
1.47581 1 1 0
1.476 1 1 0
1.477 1 3 0
1.477 1 3 0
1.478 1 3 0
1.47871 1 3 0
1.4796 1 1 0
1.48081 1 1 0
1.48193 1 3 1621515
1.48193 1 3 0
1.482 1 1 0
1.4846 1 1 0
1.48581 1 1 0
1.486 1 1 0
1.487 1 3 0
1.487 1 3 0
1.488 1 3 0
1.48871 1 3 0
1.4896 1 1 0
1.49081 1 1 0
1.49193 1 3 0
1.49193 1 3 0
1.492 1 1 0
1.4946 1 1 0
1.49581 1 1 0
1.496 1 1 0
1.497 1 3 0
1.497 1 3 0
1.498 1 3 0
1.49871 1 3 0
1.4996 1 1 0
1.50081 1 1 0
1.50193 1 3 0
1.50193 1 3 0
1.502 1 1 0
1.5046 1 1 0
1.50581 1 1 0
1.506 1 1 0
1.507 1 3 0
1.507 1 3 0
1.508 1 3 904787
1.50871 1 3 0
1.5096 1 1 0
1.51081 1 1 0
1.51193 1 3 0
1.51193 1 3 0
1.512 1 1 0
1.5146 1 1 0
1.51581 1 1 0
1.516 1 1 0
1.517 1 3 0
1.517 1 3 0
1.518 1 3 840086
1.51871 1 3 0
1.5196 1 1 0
1.52081 1 1 0
1.52193 1 3 0
1.52193 1 3 0
1.522 1 1 0
1.5246 1 1 0
1.52581 1 1 0
1.526 1 1 0
1.527 1 3 0
1.527 1 3 0
1.528 1 3 747656
1.52871 1 3 0
1.5296 1 1 0
1.53081 1 1 0
1.53193 1 3 0
1.53193 1 3 0
1.532 1 1 0
