0	0	0
0.148537	1388	1388
0.184596	1388	2776
0.184662	1388	4164
0.220596	1388	5552
0.220696	1388	6940
0.220708	1388	8328
0.256596	1388	9716
0.256696	1388	11104
0.256708	1388	12492
0.292596	1388	13880
0.292696	1388	15268
0.292721	5552	20820
0.328596	1388	22208
0.328696	1388	23596
0.328729	9716	33312
0.364596	1388	34700
0.364696	1388	36088
0.364737	12492	48580
0.364808	1388	49968
0.400596	1388	51356
0.400696	1388	52744
0.400758	20820	73564
0.400808	1388	74952
0.436596	1388	76340
0.436696	1388	77728
0.436792	33312	111040
0.436808	1388	112428
0.472596	1388	113816
0.472696	1388	115204
0.472796	37476	152680
0.47285	16656	169336
0.472908	1388	170724
0.508596	1388	172112
0.508696	1388	173500
0.508796	37476	210976
0.508896	37476	248452
0.508929	9716	258168
0.544596	1388	259556
0.544696	1388	260944
0.544796	37476	298420
0.544896	37476	335896
0.544996	37476	373372
0.545042	12492	385864
0.545108	1388	387252
0.580596	1388	388640
0.580696	1388	390028
0.580796	37476	427504
0.580896	37476	464980
0.580996	37476	502456
0.581092	34700	537156
0.581192	36088	573244
0.581229	9716	582960
0.616596	1388	584348
0.616696	1388	585736
0.616796	37476	623212
0.616896	37476	660688
0.616996	37476	698164
0.617092	34700	732864
0.617192	36088	768952
0.617292	36088	805040
0.617396	36088	841128
0.617483	31924	873052
0.617508	1388	874440
0.652596	1388	875828
0.652696	1388	877216
0.652796	37476	914692
0.652896	37476	952168
0.652996	37476	989644
0.653092	34700	1.02434e+06
0.653192	36088	1.06043e+06
0.653292	36088	1.09652e+06
0.653396	36088	1.13261e+06
0.653496	37476	1.17008e+06
0.653596	37476	1.20756e+06
0.653696	37476	1.24504e+06
0.653796	37476	1.28251e+06
0.653875	27760	1.31027e+06
0.653908	1388	1.31166e+06
0.688596	1388	1.31305e+06
0.688696	1388	1.31444e+06
0.688796	37476	1.35191e+06
0.688896	37476	1.38939e+06
0.688996	37476	1.42686e+06
0.689092	34700	1.46156e+06
0.689192	36088	1.49765e+06
0.689292	36088	1.53374e+06
0.689396	36088	1.56983e+06
0.689496	37476	1.6073e+06
0.689596	37476	1.64478e+06
0.689696	37476	1.68226e+06
0.689796	37476	1.71973e+06
0.689896	37476	1.75721e+06
0.689996	37476	1.79468e+06
0.690096	37476	1.83216e+06
0.690196	37476	1.86964e+06
0.690796	99936	1.96957e+06
0.724596	1388	1.97096e+06
0.724696	1388	1.97235e+06
0.724796	37476	2.00982e+06
0.724896	37476	2.0473e+06
0.724996	37476	2.08478e+06
0.725092	34700	2.11948e+06
0.725192	36088	2.15556e+06
0.725292	36088	2.19165e+06
0.725396	36088	2.22774e+06
0.725496	34700	2.26244e+06
0.725596	37476	2.29992e+06
0.725696	37476	2.33739e+06
0.725796	37476	2.37487e+06
0.725896	37476	2.41234e+06
0.725996	37476	2.44982e+06
0.726096	37476	2.4873e+06
0.726196	37476	2.52477e+06
0.726296	37476	2.56225e+06
0.726392	34700	2.59695e+06
0.726492	36088	2.63304e+06
0.726592	36088	2.66912e+06
0.726696	36088	2.70521e+06
0.726796	37476	2.74269e+06
0.726896	37476	2.78016e+06
0.726996	37476	2.81764e+06
0.727096	37476	2.85512e+06
0.727196	37476	2.89259e+06
0.727296	37476	2.93007e+06
0.727371	24984	2.95505e+06
0.727408	1388	2.95644e+06
0.754496	33312	2.98975e+06
0.754596	34700	3.02445e+06
0.754696	34700	3.05915e+06
0.754796	37476	3.09663e+06
0.754896	37476	3.1341e+06
0.754996	37476	3.17158e+06
0.755092	34700	3.20628e+06
0.755192	36088	3.24237e+06
0.755292	33312	3.27568e+06
0.755396	37476	3.31316e+06
0.755496	37476	3.35063e+06
0.755596	37476	3.38811e+06
0.756196	36088	3.4242e+06
0.756296	144352	3.56855e+06
0.756396	37476	3.60602e+06
0.756492	36088	3.64211e+06
0.756592	34700	3.67681e+06
0.756692	36088	3.7129e+06
0.756796	37476	3.75038e+06
0.756896	37476	3.78785e+06
0.756996	37476	3.82533e+06
0.757096	36088	3.86142e+06
0.757196	37476	3.89889e+06
0.757296	37476	3.93637e+06
0.757396	37476	3.97384e+06
0.757496	37476	4.01132e+06
0.757596	37476	4.0488e+06
0.757696	37476	4.08627e+06
0.757792	36088	4.12236e+06
0.757892	34700	4.15706e+06
0.757992	36088	4.19315e+06
0.758096	37476	4.23062e+06
0.758196	34700	4.26532e+06
0.758296	34700	4.30002e+06
0.758396	36088	4.33611e+06
0.758496	37476	4.37359e+06
0.758596	37476	4.41106e+06
0.759162	22208	4.43327e+06
0.759208	1388	4.43466e+06
0.785496	36088	4.47075e+06
0.785596	37476	4.50822e+06
0.785696	37476	4.5457e+06
0.785796	37476	4.58318e+06
0.785896	37476	4.62065e+06
0.785996	37476	4.65813e+06
0.786592	36088	4.69422e+06
0.786692	34700	4.72892e+06
0.786792	105488	4.8344e+06
0.787396	180440	5.01484e+06
0.787492	36088	5.05093e+06
0.788092	34700	5.08563e+06
0.788192	140188	5.22582e+06
0.788296	33312	5.25913e+06
0.788396	37476	5.29661e+06
0.788496	34700	5.33131e+06
0.788596	34700	5.36601e+06
0.788696	37476	5.40348e+06
0.789292	36088	5.43957e+06
0.789392	140188	5.57976e+06
0.789496	34700	5.61446e+06
0.789596	33312	5.64777e+06
0.789696	34700	5.68247e+06
0.789796	34700	5.71717e+06
0.789896	34700	5.75187e+06
0.789996	34700	5.78657e+06
0.790092	36088	5.82266e+06
0.790192	31924	5.85458e+06
0.790292	33312	5.8879e+06
0.790396	37476	5.92537e+06
0.790496	37476	5.96285e+06
0.790596	37476	6.00032e+06
0.790696	37476	6.0378e+06
0.790796	36088	6.07389e+06
0.791396	37476	6.11136e+06
0.791496	144352	6.25572e+06
0.791592	36088	6.2918e+06
0.791692	34700	6.3265e+06
0.791792	36088	6.36259e+06
0.791896	37476	6.40007e+06
0.791996	37476	6.43754e+06
0.792096	37476	6.47502e+06
0.792196	37476	6.5125e+06
0.792296	36088	6.54858e+06
0.792896	105488	6.65407e+06
0.821496	36088	6.69016e+06
0.821596	37476	6.72764e+06
0.821696	37476	6.76511e+06
0.821796	37476	6.80259e+06
0.821896	37476	6.84006e+06
0.821996	37476	6.87754e+06
0.822092	36088	6.91363e+06
0.822192	34700	6.94833e+06
0.822292	36088	6.98442e+06
0.822396	37476	7.02189e+06
0.822496	37476	7.05937e+06
0.822596	37476	7.09684e+06
0.822696	37476	7.13432e+06
0.822796	36088	7.17041e+06
0.822896	37476	7.20788e+06
0.822996	37476	7.24536e+06
0.823096	37476	7.28284e+06
0.823196	37476	7.32031e+06
0.823296	37476	7.35779e+06
0.823392	36088	7.39388e+06
0.823492	34700	7.42858e+06
0.823592	36088	7.46466e+06
0.823696	37476	7.50214e+06
0.823796	37476	7.53962e+06
0.823896	37476	7.57709e+06
0.823996	37476	7.61457e+06
0.824096	36088	7.65066e+06
0.824196	37476	7.68813e+06
0.824796	74952	7.76308e+06
0.824996	137412	7.9005e+06
0.825096	34700	7.9352e+06
0.825196	34700	7.9699e+06
0.825296	34700	8.0046e+06
0.825396	34700	8.0393e+06
0.825496	37476	8.07677e+06
0.825596	37476	8.11425e+06
0.825696	36088	8.15034e+06
0.825796	37476	8.18781e+06
0.825896	37476	8.22529e+06
0.825992	36088	8.26138e+06
0.826092	36088	8.29746e+06
0.826192	34700	8.33216e+06
0.826796	109652	8.44182e+06
0.827096	147128	8.58894e+06
0.827196	36088	8.62503e+06
0.827292	36088	8.66112e+06
0.827892	70788	8.73191e+06
0.828096	72176	8.80408e+06
0.828296	72176	8.87626e+06
0.828696	138800	9.01506e+06
0.828792	36088	9.05115e+06
0.828896	37476	9.08862e+06
0.828996	37476	9.1261e+06
0.829096	37476	9.16358e+06
0.829196	37476	9.20105e+06
0.829796	36088	9.23714e+06
0.829896	37476	9.27462e+06
0.829996	106876	9.38149e+06
0.830096	34700	9.41619e+06
0.830192	33312	9.4495e+06
0.830292	31924	9.48143e+06
0.830392	33312	9.51474e+06
0.830496	34700	9.54944e+06
0.830596	34700	9.58414e+06
0.830696	37476	9.62162e+06
0.830796	33312	9.65493e+06
0.830896	37476	9.6924e+06
0.830996	34700	9.7271e+06
0.831096	34700	9.7618e+06
0.831196	37476	9.79928e+06
0.831296	37476	9.83676e+06
0.831396	37476	9.87423e+06
0.831492	34700	9.90893e+06
0.832092	72176	9.98111e+06
0.857596	1388	9.9825e+06
0.857696	1388	9.98388e+06
0.857996	33312	1.00172e+07
0.858096	144352	1.01615e+07
0.858196	34700	1.01962e+07
0.858292	34700	1.02309e+07
0.858392	33312	1.02643e+07
0.858492	33312	1.02976e+07
0.858596	37476	1.0335e+07
0.858696	37476	1.03725e+07
0.858796	37476	1.041e+07
0.858896	36088	1.04461e+07
0.859496	181828	1.06279e+07
0.859596	37476	1.06654e+07
0.859692	34700	1.07001e+07
0.859792	36088	1.07362e+07
0.859892	36088	1.07723e+07
0.859996	37476	1.08097e+07
0.860096	37476	1.08472e+07
0.860196	37476	1.08847e+07
0.860296	36088	1.09208e+07
0.860396	37476	1.09583e+07
0.860496	37476	1.09957e+07
0.860596	37476	1.10332e+07
0.860696	37476	1.10707e+07
0.860796	37476	1.11082e+07
0.860896	37476	1.11456e+07
0.860992	34700	1.11803e+07
0.861092	36088	1.12164e+07
0.861192	36088	1.12525e+07
0.861296	37476	1.129e+07
0.861396	37476	1.13275e+07
0.861496	37476	1.13649e+07
0.861596	36088	1.1401e+07
0.861696	37476	1.14385e+07
0.862296	74952	1.15135e+07
0.862496	72176	1.15856e+07
0.862696	108264	1.16939e+07
0.862796	37476	1.17314e+07
0.862896	37476	1.17689e+07
0.862996	37476	1.18063e+07
0.863096	37476	1.18438e+07
0.863196	37476	1.18813e+07
0.863296	37476	1.19188e+07
0.863396	36088	1.19548e+07
0.863496	37476	1.19923e+07
0.863596	37476	1.20298e+07
0.863692	36088	1.20659e+07
0.863792	36088	1.2102e+07
0.863892	34700	1.21367e+07
0.863996	37476	1.21741e+07
0.864096	37476	1.22116e+07
0.864196	37476	1.22491e+07
0.864296	37476	1.22866e+07
0.864396	37476	1.23241e+07
0.864496	37476	1.23615e+07
0.864596	37476	1.2399e+07
0.864696	36088	1.24351e+07
0.864796	37476	1.24726e+07
0.864896	37476	1.251e+07
0.864992	36088	1.25461e+07
0.865092	36088	1.25822e+07
0.865192	34700	1.26169e+07
0.865296	37476	1.26544e+07
0.865896	37476	1.26919e+07
0.865996	37476	1.27293e+07
0.866096	106876	1.28362e+07
0.866196	33312	1.28695e+07
0.866292	33312	1.29028e+07
0.866392	36088	1.29389e+07
0.866492	33312	1.29722e+07
0.866596	37476	1.30097e+07
0.866696	36088	1.30458e+07
0.866796	37476	1.30833e+07
0.867396	184604	1.32679e+07
0.867496	34700	1.33026e+07
0.867592	34700	1.33373e+07
0.868192	177664	1.3515e+07
0.868296	37476	1.35524e+07
0.868396	37476	1.35899e+07
0.868996	74952	1.36649e+07
0.869196	140188	1.3805e+07
0.869796	177664	1.39827e+07
0.869896	37476	1.40202e+07
0.869996	37476	1.40577e+07
0.870096	37476	1.40951e+07
0.870192	33312	1.41285e+07
0.870292	36088	1.41645e+07
0.870392	31924	1.41965e+07
0.870996	37476	1.42339e+07
0.871096	141576	1.43755e+07
0.871196	33312	1.44088e+07
0.871296	34700	1.44435e+07
0.871396	34700	1.44782e+07
0.871492	33312	1.45115e+07
0.871592	33312	1.45449e+07
0.871692	31924	1.45768e+07
0.872296	179052	1.47558e+07
0.872396	37476	1.47933e+07
0.872496	37476	1.48308e+07
0.872596	36088	1.48669e+07
0.873196	106876	1.49737e+07
0.893596	1388	1.49751e+07
0.893696	1388	1.49765e+07
0.893796	22208	1.49987e+07
0.893896	22208	1.50209e+07
0.893996	22208	1.50431e+07
0.894092	20820	1.5064e+07
0.894192	22208	1.50862e+07
0.894292	20820	1.5107e+07
0.894396	22208	1.51292e+07
0.894496	30536	1.51597e+07
0.894596	34700	1.51944e+07
0.894696	37476	1.52319e+07
0.894796	37476	1.52694e+07
0.894892	31924	1.53013e+07
0.894992	36088	1.53374e+07
0.895392	13880	1.53513e+07
0.895492	22208	1.53735e+07
0.895592	142964	1.55165e+07
0.895696	37476	1.55539e+07
0.895796	37476	1.55914e+07
0.896396	74952	1.56664e+07
0.896596	138800	1.58052e+07
0.897196	37476	1.58426e+07
0.897296	140188	1.59828e+07
0.897396	37476	1.60203e+07
0.897492	36088	1.60564e+07
0.897592	33312	1.60897e+07
0.897692	34700	1.61244e+07
0.898296	37476	1.61619e+07
0.898396	37476	1.61993e+07
0.898496	106876	1.63062e+07
0.898596	33312	1.63395e+07
0.898696	34700	1.63742e+07
0.898792	33312	1.64075e+07
0.898892	33312	1.64409e+07
0.898992	31924	1.64728e+07
0.899096	34700	1.65075e+07
0.899696	179052	1.66865e+07
0.899796	37476	1.6724e+07
0.899896	36088	1.67601e+07
0.899996	37476	1.67976e+07
0.900592	138800	1.69364e+07
0.900996	141576	1.7078e+07
0.901096	34700	1.71127e+07
0.901196	33312	1.7146e+07
0.901296	34700	1.71807e+07
0.901892	170724	1.73514e+07
0.902496	174888	1.75263e+07
0.902596	37476	1.75638e+07
0.902692	33312	1.75971e+07
0.902792	33312	1.76304e+07
0.902892	33312	1.76637e+07
0.902996	33312	1.7697e+07
0.903096	34700	1.77317e+07
0.903196	34700	1.77664e+07
0.903296	34700	1.78011e+07
0.903396	34700	1.78358e+07
0.903996	167948	1.80037e+07
0.904092	33312	1.80371e+07
0.904192	33312	1.80704e+07
0.904292	31924	1.81023e+07
0.904396	34700	1.8137e+07
0.904496	34700	1.81717e+07
0.905096	37476	1.82092e+07
0.905196	140188	1.83494e+07
0.905796	176276	1.85256e+07
0.905896	37476	1.85631e+07
0.905996	37476	1.86006e+07
0.906596	144352	1.87449e+07
0.906996	137412	1.88824e+07
0.907092	33312	1.89157e+07
0.907196	33312	1.8949e+07
0.907296	34700	1.89837e+07
0.907396	34700	1.90184e+07
0.907496	34700	1.90531e+07
0.907596	34700	1.90878e+07
0.907696	30536	1.91183e+07
0.907796	34700	1.9153e+07
0.907896	33312	1.91863e+07
0.907996	34700	1.9221e+07
0.908092	33312	1.92543e+07
0.908192	33312	1.92876e+07
0.908292	31924	1.93196e+07
0.908396	34700	1.93543e+07
0.908996	176276	1.95305e+07
0.909096	36088	1.95666e+07
0.909196	34700	1.96013e+07
0.909296	34700	1.9636e+07
0.909392	36088	1.96721e+07
0.909492	36088	1.97082e+07
0.910092	34700	1.97429e+07
0.910196	37476	1.97804e+07
0.910296	106876	1.98873e+07
0.910396	34700	1.9922e+07
0.910496	33312	1.99553e+07
0.911096	170724	2.0126e+07
0.911196	34700	2.01607e+07
0.911296	34700	2.01954e+07
0.911396	34700	2.02301e+07
0.911496	34700	2.02648e+07
0.911596	34700	2.02995e+07
0.911696	33312	2.03328e+07
0.911796	34700	2.03675e+07
0.911896	34700	2.04022e+07
0.911992	33312	2.04355e+07
0.912092	33312	2.04688e+07
0.912192	31924	2.05008e+07
0.912296	34700	2.05355e+07
0.912396	34700	2.05702e+07
0.912496	34700	2.06049e+07
0.912596	34700	2.06396e+07
0.912696	34700	2.06743e+07
0.912796	33312	2.07076e+07
0.912896	34700	2.07423e+07
0.912996	34700	2.0777e+07
0.913096	34700	2.08117e+07
0.913196	34700	2.08464e+07
0.913292	33312	2.08797e+07
0.913392	31924	2.09116e+07
0.913492	33312	2.09449e+07
0.913596	34700	2.09796e+07
0.913696	34700	2.10143e+07
0.913796	34700	2.1049e+07
0.913896	33312	2.10823e+07
0.913996	34700	2.1117e+07
0.914096	34700	2.11517e+07
0.914196	34700	2.11864e+07
0.914296	34700	2.12211e+07
0.914396	34700	2.12558e+07
0.914496	34700	2.12905e+07
0.914592	31924	2.13225e+07
0.914692	33312	2.13558e+07
0.914792	33312	2.13891e+07
0.914896	34700	2.14238e+07
0.914996	33312	2.14571e+07
0.915596	176276	2.16334e+07
0.916196	170724	2.18041e+07
0.916296	37476	2.18416e+07
0.916396	33312	2.18749e+07
0.916496	34700	2.19096e+07
0.916596	34700	2.19443e+07
0.916696	34700	2.1979e+07
0.916796	34700	2.20137e+07
0.916896	34700	2.20484e+07
0.916996	34700	2.20831e+07
0.917096	33312	2.21164e+07
0.917692	163784	2.22802e+07
0.917796	34700	2.23149e+07
0.917896	34700	2.23496e+07
0.917996	34700	2.23843e+07
0.918096	34700	2.2419e+07
0.918196	34700	2.24537e+07
0.918725	6940	2.24606e+07
0.929496	22208	2.24828e+07
0.929596	22208	2.2505e+07
0.929696	22208	2.25272e+07
0.929796	22208	2.25494e+07
0.929896	22208	2.25717e+07
0.929996	22208	2.25939e+07
0.930092	20820	2.26147e+07
0.930192	22208	2.26369e+07
0.930292	20820	2.26577e+07
0.930396	22208	2.26799e+07
0.930496	22208	2.27021e+07
0.930596	22208	2.27243e+07
0.930696	22208	2.27465e+07
0.930796	27760	2.27743e+07
0.930896	16656	2.2791e+07
0.930996	23596	2.28146e+07
0.931096	22208	2.28368e+07
0.931196	22208	2.2859e+07
0.931296	22208	2.28812e+07
0.931392	20820	2.2902e+07
0.931396	41640	2.29436e+07
0.931492	31924	2.29756e+07
0.931592	33312	2.30089e+07
0.931692	33312	2.30422e+07
0.931796	34700	2.30769e+07
0.931896	33312	2.31102e+07
0.932396	12492	2.31227e+07
0.932496	24984	2.31477e+07
0.932596	141576	2.32893e+07
0.933196	176276	2.34655e+07
0.933296	37476	2.3503e+07
0.933396	36088	2.35391e+07
0.933496	37476	2.35766e+07
0.933596	37476	2.3614e+07
0.933696	34700	2.36487e+07
0.933796	34700	2.36834e+07
0.934396	170724	2.38542e+07
0.934496	34700	2.38889e+07
0.934596	34700	2.39236e+07
0.934696	33312	2.39569e+07
0.934796	34700	2.39916e+07
0.934896	34700	2.40263e+07
0.934996	34700	2.4061e+07
0.935096	30536	2.40915e+07
0.935196	34700	2.41262e+07
0.935296	34700	2.41609e+07
0.935392	31924	2.41928e+07
0.935492	33312	2.42262e+07
0.935592	33312	2.42595e+07
0.935696	34700	2.42942e+07
0.935796	34700	2.43289e+07
0.936396	174888	2.45038e+07
0.936496	37476	2.45412e+07
0.936596	34700	2.45759e+07
0.936692	31924	2.46079e+07
0.936792	36088	2.46439e+07
0.936892	36088	2.468e+07
0.937496	37476	2.47175e+07
0.937596	36088	2.47536e+07
0.937696	106876	2.48605e+07
0.937796	34700	2.48952e+07
0.937896	34700	2.49299e+07
0.937992	33312	2.49632e+07
0.938092	31924	2.49951e+07
0.938192	33312	2.50284e+07
0.938296	34700	2.50631e+07
0.938396	34700	2.50978e+07
0.938496	34700	2.51325e+07
0.938596	33312	2.51658e+07
0.938696	34700	2.52005e+07
0.938796	34700	2.52352e+07
0.938896	34700	2.52699e+07
0.938996	34700	2.53046e+07
0.939096	34700	2.53393e+07
0.939196	33312	2.53726e+07
0.939292	33312	2.5406e+07
0.939392	33312	2.54393e+07
0.939492	33312	2.54726e+07
0.939596	30536	2.55031e+07
0.939696	33312	2.55364e+07
0.939796	34700	2.55711e+07
0.939896	34700	2.56058e+07
0.939996	34700	2.56405e+07
0.940096	34700	2.56752e+07
0.940196	34700	2.57099e+07
0.940296	34700	2.57446e+07
0.940396	33312	2.57779e+07
0.940496	34700	2.58126e+07
0.940592	33312	2.58459e+07
0.940692	33312	2.58793e+07
0.940792	31924	2.59112e+07
0.940896	34700	2.59459e+07
0.940996	34700	2.59806e+07
0.941096	34700	2.60153e+07
0.941196	34700	2.605e+07
0.941296	34700	2.60847e+07
0.941396	34700	2.61194e+07
0.941496	33312	2.61527e+07
0.941596	34700	2.61874e+07
0.941696	34700	2.62221e+07
0.941796	34700	2.62568e+07
0.941892	33312	2.62901e+07
0.941992	31924	2.6322e+07
0.942092	33312	2.63553e+07
0.942196	34700	2.639e+07
0.942296	34700	2.64247e+07
0.942396	34700	2.64594e+07
0.942996	174888	2.66343e+07
0.943596	170724	2.68051e+07
0.944196	174888	2.69799e+07
0.944296	34700	2.70146e+07
0.944396	34700	2.70493e+07
0.944492	33312	2.70827e+07
0.945092	165172	2.72478e+07
0.945196	34700	2.72825e+07
0.945296	33312	2.73158e+07
0.945396	34700	2.73505e+07
0.945496	34700	2.73852e+07
0.945596	34700	2.74199e+07
0.946196	37476	2.74574e+07
0.946292	136024	2.75934e+07
0.946896	180440	2.77739e+07
0.946996	37476	2.78114e+07
0.947092	36088	2.78474e+07
0.947192	36088	2.78835e+07
0.947292	34700	2.79182e+07
0.947896	72176	2.79904e+07
0.948096	140188	2.81306e+07
0.948196	34700	2.81653e+07
0.948296	34700	2.82e+07
0.948392	33312	2.82333e+07
0.948992	165172	2.83985e+07
0.949096	34700	2.84332e+07
0.949196	34700	2.84679e+07
0.949296	33312	2.85012e+07
0.949396	34700	2.85359e+07
0.949496	34700	2.85706e+07
0.950096	170724	2.87413e+07
0.950196	37476	2.87788e+07
0.950296	34700	2.88135e+07
0.950396	34700	2.88482e+07
0.950496	37476	2.88857e+07
0.950596	36088	2.89218e+07
0.951196	37476	2.89592e+07
0.951296	138800	2.9098e+07
0.951392	31924	2.913e+07
0.951496	34700	2.91647e+07
0.951596	34700	2.91994e+07
0.951696	34700	2.92341e+07
0.951796	34700	2.92688e+07
0.951896	34700	2.93035e+07
0.951996	33312	2.93368e+07
0.952096	34700	2.93715e+07
0.952196	34700	2.94062e+07
0.952292	33312	2.94395e+07
0.952392	33312	2.94728e+07
0.952492	31924	2.95047e+07
0.952596	34700	2.95394e+07
0.952696	34700	2.95741e+07
0.952796	34700	2.96088e+07
0.952896	34700	2.96435e+07
0.952996	34700	2.96782e+07
0.953096	33312	2.97115e+07
0.953196	34700	2.97462e+07
0.953296	30536	2.97768e+07
0.953396	34700	2.98115e+07
0.953496	34700	2.98462e+07
0.953592	33312	2.98795e+07
0.953692	31924	2.99114e+07
0.953792	33312	2.99447e+07
0.953896	34700	2.99794e+07
0.953996	34700	3.00141e+07
0.954096	34700	3.00488e+07
0.954196	33312	3.00821e+07
0.954296	34700	3.01168e+07
0.954396	34700	3.01515e+07
0.954496	34700	3.01862e+07
0.954596	34700	3.02209e+07
0.954696	34700	3.02556e+07
0.954796	34700	3.02903e+07
0.954892	31924	3.03222e+07
0.954992	33312	3.03556e+07
0.955092	33312	3.03889e+07
0.955196	34700	3.04236e+07
0.955296	33312	3.04569e+07
0.955396	34700	3.04916e+07
0.955496	34700	3.05263e+07
0.955596	34700	3.0561e+07
0.955696	34700	3.05957e+07
0.955796	34700	3.06304e+07
0.955896	34700	3.06651e+07
0.955996	33312	3.06984e+07
0.956096	34700	3.07331e+07
0.956692	170724	3.09038e+07
0.957296	174888	3.10787e+07
0.957896	170724	3.12494e+07
0.957996	34700	3.12841e+07
0.958096	34700	3.13188e+07
0.958196	34700	3.13535e+07
0.958796	167948	3.15215e+07
0.958892	33312	3.15548e+07
0.958992	33312	3.15881e+07
0.959092	31924	3.162e+07
0.959196	34700	3.16547e+07
0.959296	34700	3.16894e+07
0.959896	37476	3.17269e+07
0.959996	140188	3.18671e+07
0.960596	176276	3.20434e+07
0.960696	37476	3.20808e+07
0.960796	37476	3.21183e+07
0.960896	34700	3.2153e+07
0.960996	37476	3.21905e+07
0.961096	34700	3.22252e+07
0.961196	34700	3.22599e+07
0.961796	170724	3.24306e+07
0.961896	33312	3.24639e+07
0.961996	34700	3.24986e+07
0.962096	34700	3.25333e+07
0.962696	167948	3.27013e+07
0.962796	34700	3.2736e+07
0.962892	33312	3.27693e+07
0.962992	33312	3.28026e+07
0.963092	31924	3.28345e+07
0.963196	34700	3.28692e+07
0.963796	176276	3.30455e+07
0.963896	37476	3.3083e+07
0.963996	33312	3.31163e+07
0.964096	34700	3.3151e+07
0.964192	36088	3.31871e+07
0.964292	36088	3.32232e+07
0.964892	34700	3.32579e+07
0.964996	141576	3.33994e+07
0.965096	34700	3.34341e+07
0.965196	33312	3.34675e+07
0.965296	34700	3.35022e+07
0.965396	34700	3.35369e+07
0.965492	33312	3.35702e+07
0.965592	33312	3.36035e+07
0.965692	31924	3.36354e+07
0.965796	34700	3.36701e+07
0.965896	34700	3.37048e+07
0.965996	34700	3.37395e+07
0.966096	34700	3.37742e+07
0.966196	34700	3.38089e+07
0.966296	33312	3.38422e+07
0.966396	34700	3.38769e+07
0.966496	34700	3.39116e+07
0.966596	34700	3.39463e+07
0.966696	34700	3.3981e+07
0.966792	33312	3.40143e+07
0.966892	31924	3.40463e+07
0.966992	29148	3.40754e+07
0.967096	34700	3.41101e+07
0.967196	34700	3.41448e+07
0.967296	34700	3.41795e+07
0.967396	34700	3.42142e+07
0.967496	33312	3.42475e+07
0.967596	34700	3.42822e+07
0.967696	34700	3.43169e+07
0.967796	34700	3.43516e+07
0.967896	34700	3.43863e+07
0.967996	34700	3.4421e+07
0.968092	31924	3.44529e+07
0.968192	33312	3.44862e+07
0.968292	33312	3.45196e+07
0.968396	34700	3.45543e+07
0.968496	34700	3.4589e+07
0.968596	33312	3.46223e+07
0.968696	34700	3.4657e+07
0.968796	34700	3.46917e+07
0.968896	34700	3.47264e+07
0.968996	34700	3.47611e+07
0.969096	34700	3.47958e+07
0.969196	34700	3.48305e+07
0.969296	33312	3.48638e+07
0.969392	33312	3.48971e+07
0.969492	33312	3.49304e+07
0.969592	33312	3.49637e+07
0.969696	33312	3.4997e+07
0.969796	34700	3.50317e+07
0.970396	176276	3.5208e+07
0.970996	170724	3.53787e+07
0.971596	174888	3.55536e+07
0.971696	34700	3.55883e+07
0.971796	34700	3.5623e+07
0.971896	33312	3.56563e+07
0.972492	163784	3.58201e+07
0.972596	34700	3.58548e+07
0.972696	34700	3.58895e+07
0.972796	34700	3.59242e+07
0.972896	34700	3.59589e+07
0.972996	34700	3.59936e+07
0.973596	37476	3.60311e+07
0.973696	136024	3.61671e+07
0.974296	180440	3.63476e+07
0.974396	37476	3.6385e+07
0.974496	37476	3.64225e+07
0.974592	33312	3.64558e+07
0.974692	34700	3.64905e+07
0.974792	33312	3.65238e+07
0.974896	34700	3.65585e+07
0.975496	174888	3.67334e+07
0.975596	34700	3.67681e+07
0.975696	34700	3.68028e+07
0.975796	34700	3.68375e+07
0.976392	163784	3.70013e+07
0.976496	33312	3.70346e+07
0.976596	34700	3.70693e+07
0.976696	34700	3.7104e+07
0.976796	34700	3.71387e+07
0.976896	34700	3.71734e+07
0.977496	170724	3.73441e+07
0.977596	37476	3.73816e+07
0.977696	34700	3.74163e+07
0.977796	33312	3.74496e+07
0.977896	37476	3.74871e+07
0.978496	37476	3.75246e+07
0.978596	37476	3.75621e+07
0.978696	106876	3.76689e+07
0.978792	31924	3.77009e+07
0.978892	33312	3.77342e+07
0.978992	33312	3.77675e+07
0.979096	34700	3.78022e+07
0.979196	34700	3.78369e+07
0.979296	33312	3.78702e+07
0.979396	34700	3.79049e+07
0.979496	34700	3.79396e+07
0.979596	34700	3.79743e+07
0.979696	34700	3.8009e+07
0.979796	34700	3.80437e+07
0.979896	34700	3.80784e+07
0.979996	33312	3.81117e+07
0.980092	33312	3.8145e+07
0.980192	33312	3.81783e+07
0.980292	33312	3.82116e+07
0.980396	33312	3.8245e+07
0.980496	34700	3.82797e+07
0.980596	34700	3.83144e+07
0.980696	30536	3.83449e+07
0.980796	34700	3.83796e+07
0.980896	34700	3.84143e+07
0.980996	34700	3.8449e+07
0.981096	33312	3.84823e+07
0.981196	34700	3.8517e+07
0.981296	34700	3.85517e+07
0.981392	33312	3.8585e+07
0.981492	33312	3.86183e+07
0.981592	31924	3.86502e+07
0.981696	34700	3.86849e+07
0.981796	34700	3.87196e+07
0.981896	34700	3.87543e+07
0.981996	34700	3.8789e+07
0.982096	34700	3.88237e+07
0.982196	33312	3.88571e+07
0.982296	34700	3.88918e+07
0.982396	34700	3.89265e+07
0.982496	34700	3.89612e+07
0.982596	34700	3.89959e+07
0.982692	33312	3.90292e+07
0.982792	31924	3.90611e+07
0.982892	33312	3.90944e+07
0.982996	34700	3.91291e+07
0.983096	34700	3.91638e+07
0.983196	34700	3.91985e+07
0.983296	33312	3.92318e+07
0.983396	34700	3.92665e+07
0.983496	34700	3.93012e+07
0.983596	34700	3.93359e+07
0.983696	34700	3.93706e+07
0.983796	34700	3.94053e+07
0.983896	34700	3.944e+07
0.983992	31924	3.94719e+07
0.984092	33312	3.95053e+07
0.984692	173500	3.96788e+07
0.985296	174888	3.98536e+07
0.985392	33312	3.9887e+07
0.985492	33312	3.99203e+07
0.985592	33312	3.99536e+07
0.986196	167948	4.01215e+07
0.986296	34700	4.01562e+07
0.986396	34700	4.01909e+07
0.986496	33312	4.02242e+07
0.986596	34700	4.02589e+07
0.986692	33312	4.02923e+07
0.987292	36088	4.03283e+07
0.987392	138800	4.04671e+07
0.987996	180440	4.06476e+07
0.988092	36088	4.06837e+07
0.988192	36088	4.07198e+07
0.988292	31924	4.07517e+07
0.988896	37476	4.07892e+07
0.988996	72176	4.08613e+07
0.989196	106876	4.09682e+07
0.989296	33312	4.10015e+07
0.989392	33312	4.10348e+07
0.989492	33312	4.10681e+07
0.990092	166560	4.12347e+07
0.990196	34700	4.12694e+07
0.990296	34700	4.13041e+07
0.990396	34700	4.13388e+07
0.990496	34700	4.13735e+07
0.990596	33312	4.14068e+07
0.991192	170724	4.15775e+07
0.991296	37476	4.1615e+07
0.991396	34700	4.16497e+07
0.991496	34700	4.16844e+07
0.991596	37476	4.17219e+07
0.991696	34700	4.17566e+07
0.992296	37476	4.17941e+07
0.992396	136024	4.19301e+07
0.992496	33312	4.19634e+07
0.992596	34700	4.19981e+07
0.992696	34700	4.20328e+07
0.992796	34700	4.20675e+07
0.992896	34700	4.21022e+07
0.992996	34700	4.21369e+07
0.993096	34700	4.21716e+07
0.993196	33312	4.22049e+07
0.993292	33312	4.22382e+07
0.993392	33312	4.22715e+07
0.993492	33312	4.23049e+07
0.993596	33312	4.23382e+07
0.993696	34700	4.23729e+07
0.993796	34700	4.24076e+07
0.993896	34700	4.24423e+07
0.993996	34700	4.2477e+07
0.994096	34700	4.25117e+07
0.994196	34700	4.25464e+07
0.994296	33312	4.25797e+07
0.994396	30536	4.26102e+07
0.994496	34700	4.26449e+07
0.994592	33312	4.26782e+07
0.994692	33312	4.27115e+07
0.994792	31924	4.27435e+07
0.994896	34700	4.27782e+07
0.994996	34700	4.28129e+07
0.995096	34700	4.28476e+07
0.995196	34700	4.28823e+07
0.995296	34700	4.2917e+07
0.995396	33312	4.29503e+07
0.995496	34700	4.2985e+07
0.995596	34700	4.30197e+07
0.995696	34700	4.30544e+07
0.995796	34700	4.30891e+07
0.995892	33312	4.31224e+07
0.995992	31924	4.31543e+07
0.996092	33312	4.31876e+07
0.996196	34700	4.32223e+07
0.996296	34700	4.3257e+07
0.996396	34700	4.32917e+07
0.996496	33312	4.3325e+07
0.996596	34700	4.33597e+07
0.996696	34700	4.33944e+07
0.996796	34700	4.34291e+07
0.996896	34700	4.34638e+07
0.996996	34700	4.34985e+07
0.997096	34700	4.35332e+07
0.997192	31924	4.35652e+07
0.997292	33312	4.35985e+07
0.997392	33312	4.36318e+07
0.997496	34700	4.36665e+07
0.997596	33312	4.36998e+07
0.997696	34700	4.37345e+07
0.997796	34700	4.37692e+07
0.998396	174888	4.39441e+07
0.998996	170724	4.41148e+07
0.999096	34700	4.41495e+07
0.999196	34700	4.41842e+07
0.999296	34700	4.42189e+07
0.999896	167948	4.43869e+07
0.999992	33312	4.44202e+07
1.00009	33312	4.44535e+07
1.00019	31924	4.44854e+07
1.0003	34700	4.45201e+07
1.0004	34700	4.45548e+07
1.0005	37476	4.45923e+07
1.0006	37476	4.46298e+07
1.0007	37476	4.46672e+07
1.0008	37476	4.47047e+07
1.0009	37476	4.47422e+07
1.001	37476	4.47797e+07
1.0011	36088	4.48157e+07
1.0012	37476	4.48532e+07
1.00129	36088	4.48893e+07
1.00139	36088	4.49254e+07
1.00149	34700	4.49601e+07
1.0016	37476	4.49976e+07
1.0017	37476	4.5035e+07
1.0018	37476	4.50725e+07
1.0019	37476	4.511e+07
1.002	37476	4.51475e+07
1.0021	37476	4.5185e+07
1.0022	37476	4.52224e+07
1.0023	37476	4.52599e+07
1.0024	36088	4.5296e+07
1.0025	37476	4.53335e+07
1.00259	36088	4.53696e+07
1.00269	36088	4.54056e+07
1.00279	34700	4.54403e+07
1.0029	37476	4.54778e+07
1.003	37476	4.55153e+07
1.0031	37476	4.55528e+07
1.0032	37476	4.55902e+07
1.0033	34700	4.56249e+07
1.0034	37476	4.56624e+07
1.0035	37476	4.56999e+07
1.0036	37476	4.57374e+07
1.0037	36088	4.57735e+07
1.0038	37476	4.58109e+07
1.00389	36088	4.5847e+07
1.00399	36088	4.58831e+07
1.00409	34700	4.59178e+07
1.0042	37476	4.59553e+07
1.0043	37476	4.59928e+07
1.0044	37476	4.60302e+07
1.0045	37476	4.60677e+07
1.0046	37476	4.61052e+07
1.0047	37476	4.61427e+07
1.0048	37476	4.61801e+07
1.0049	37476	4.62176e+07
1.005	36088	4.62537e+07
1.0051	37476	4.62912e+07
1.00519	36088	4.63273e+07
1.00529	36088	4.63634e+07
1.00539	34700	4.63981e+07
1.0055	37476	4.64355e+07
1.0056	37476	4.6473e+07
1.0057	37476	4.65105e+07
1.0058	37476	4.6548e+07
1.0059	37476	4.65854e+07
1.006	37476	4.66229e+07
1.0061	37476	4.66604e+07
1.0062	37476	4.66979e+07
1.0063	37476	4.67353e+07
1.0064	36088	4.67714e+07
1.00649	36088	4.68075e+07
1.00659	36088	4.68436e+07
1.00669	34700	4.68783e+07
1.0068	37476	4.69158e+07
1.0069	37476	4.69533e+07
1.007	37476	4.69907e+07
1.0071	37476	4.70282e+07
1.0072	37476	4.70657e+07
1.0073	37476	4.71032e+07
1.0074	37476	4.71406e+07
1.0075	37476	4.71781e+07
1.0076	37476	4.72156e+07
1.0077	36088	4.72517e+07
1.00779	36088	4.72878e+07
1.00789	36088	4.73239e+07
1.00799	34700	4.73586e+07
1.0081	37476	4.7396e+07
1.0082	37476	4.74335e+07
1.0083	37476	4.7471e+07
1.0084	37476	4.75085e+07
1.0085	37476	4.75459e+07
1.0086	37476	4.75834e+07
1.0087	37476	4.76209e+07
1.0088	37476	4.76584e+07
1.0089	37476	4.76958e+07
1.009	36088	4.77319e+07
1.00909	36088	4.7768e+07
1.00919	36088	4.78041e+07
1.00929	36088	4.78402e+07
1.0094	36088	4.78763e+07
1.0095	37476	4.79138e+07
1.0096	37476	4.79512e+07
1.0097	37476	4.79887e+07
1.0098	37476	4.80262e+07
1.0099	37476	4.80637e+07
1.01	37476	4.81011e+07
1.0101	37476	4.81386e+07
1.0102	37476	4.81761e+07
1.0103	37476	4.82136e+07
1.01039	34700	4.82483e+07
1.01049	36088	4.82844e+07
1.01059	36088	4.83204e+07
1.0107	36088	4.83565e+07
1.0108	37476	4.8394e+07
1.0109	37476	4.84315e+07
1.011	37476	4.8469e+07
1.0111	37476	4.85064e+07
1.0112	37476	4.85439e+07
1.0113	37476	4.85814e+07
1.0114	37476	4.86189e+07
1.0115	37476	4.86563e+07
1.0116	37476	4.86938e+07
1.01169	34700	4.87285e+07
1.01179	36088	4.87646e+07
1.01189	36088	4.88007e+07
1.012	36088	4.88368e+07
1.0121	37476	4.88743e+07
1.0122	37476	4.89117e+07
1.0123	37476	4.89492e+07
1.0124	37476	4.89867e+07
1.0125	37476	4.90242e+07
1.0126	37476	4.90616e+07
1.0127	37476	4.90991e+07
1.0128	37476	4.91366e+07
1.0129	37476	4.91741e+07
1.01299	34700	4.92088e+07
1.01309	36088	4.92449e+07
1.01319	36088	4.92809e+07
1.0133	37476	4.93184e+07
1.0134	36088	4.93545e+07
1.0135	37476	4.9392e+07
1.0136	37476	4.94295e+07
1.0137	37476	4.94669e+07
1.0138	37476	4.95044e+07
1.0139	37476	4.95419e+07
1.014	37476	4.95794e+07
1.0141	37476	4.96168e+07
1.0142	37476	4.96543e+07
1.01429	34700	4.9689e+07
1.01439	36088	4.97251e+07
1.01449	36088	4.97612e+07
1.0146	37476	4.97987e+07
1.0147	36088	4.98348e+07
1.0148	37476	4.98722e+07
1.0149	37476	4.99097e+07
1.015	37476	4.99472e+07
1.0151	37476	4.99847e+07
1.0152	37476	5.00221e+07
1.0153	37476	5.00596e+07
1.0154	37476	5.00971e+07
1.0155	37476	5.01346e+07
1.01559	34700	5.01693e+07
1.01569	33312	5.02026e+07
1.01579	36088	5.02387e+07
1.0159	37476	5.02761e+07
1.016	37476	5.03136e+07
1.0161	36088	5.03497e+07
1.0162	37476	5.03872e+07
1.0163	37476	5.04247e+07
1.0164	37476	5.04621e+07
1.0165	37476	5.04996e+07
1.0166	37476	5.05371e+07
1.0172	179052	5.07161e+07
1.0173	37476	5.07536e+07
1.0174	37476	5.07911e+07
1.0175	36088	5.08272e+07
1.0176	37476	5.08646e+07
1.0177	37476	5.09021e+07
1.0178	37476	5.09396e+07
1.0179	37476	5.09771e+07
1.018	37476	5.10146e+07
1.0181	37476	5.1052e+07
1.01819	36088	5.10881e+07
1.01829	34700	5.11228e+07
1.01839	36088	5.11589e+07
1.0185	37476	5.11964e+07
1.0186	37476	5.12339e+07
1.0187	37476	5.12713e+07
1.0188	37476	5.13088e+07
1.0189	36088	5.13449e+07
1.019	37476	5.13824e+07
1.0191	37476	5.14198e+07
1.0192	37476	5.14573e+07
1.0193	37476	5.14948e+07
1.0194	37476	5.15323e+07
1.01949	36088	5.15684e+07
1.01959	34700	5.16031e+07
1.01969	36088	5.16392e+07
1.0198	37476	5.16766e+07
1.0199	37476	5.17141e+07
1.02	37476	5.17516e+07
1.0201	37476	5.17891e+07
1.0202	36088	5.18251e+07
1.0203	37476	5.18626e+07
1.0204	37476	5.19001e+07
1.0205	37476	5.19376e+07
1.0206	37476	5.1975e+07
1.0207	37476	5.20125e+07
1.02079	36088	5.20486e+07
1.02089	34700	5.20833e+07
1.02099	36088	5.21194e+07
1.0211	37476	5.21569e+07
1.0212	37476	5.21944e+07
1.0213	37476	5.22318e+07
1.0214	37476	5.22693e+07
1.0215	36088	5.23054e+07
1.0216	37476	5.23429e+07
1.0217	37476	5.23803e+07
1.0218	37476	5.24178e+07
1.0219	37476	5.24553e+07
1.022	37476	5.24928e+07
1.02209	36088	5.25289e+07
1.02219	34700	5.25636e+07
1.02229	36088	5.25996e+07
1.0224	37476	5.26371e+07
1.0225	37476	5.26746e+07
1.0226	37476	5.27121e+07
1.0227	37476	5.27496e+07
1.0228	37476	5.2787e+07
1.0229	36088	5.28231e+07
1.023	37476	5.28606e+07
1.0231	37476	5.28981e+07
1.0232	37476	5.29355e+07
1.0233	37476	5.2973e+07
1.02339	36088	5.30091e+07
1.02349	34700	5.30438e+07
1.02359	36088	5.30799e+07
1.0237	37476	5.31174e+07
1.0238	37476	5.31548e+07
1.0239	37476	5.31923e+07
1.024	37476	5.32298e+07
1.0241	37476	5.32673e+07
1.0242	36088	5.33034e+07
1.0243	37476	5.33408e+07
1.0244	37476	5.33783e+07
1.0245	37476	5.34158e+07
1.0246	37476	5.34533e+07
1.02469	36088	5.34894e+07
1.02479	34700	5.35241e+07
1.02489	36088	5.35601e+07
1.025	37476	5.35976e+07
1.0251	37476	5.36351e+07
1.0252	37476	5.36726e+07
1.0253	37476	5.371e+07
1.0254	37476	5.37475e+07
1.0255	36088	5.37836e+07
1.0256	37476	5.38211e+07
1.0257	37476	5.38586e+07
1.0258	37476	5.3896e+07
1.0259	37476	5.39335e+07
1.02599	36088	5.39696e+07
1.02609	34700	5.40043e+07
1.02619	36088	5.40404e+07
1.0263	37476	5.40779e+07
1.0264	37476	5.41153e+07
1.0265	37476	5.41528e+07
1.0266	37476	5.41903e+07
1.0267	37476	5.42278e+07
1.0268	37476	5.42652e+07
1.0269	36088	5.43013e+07
1.027	37476	5.43388e+07
1.0271	37476	5.43763e+07
1.0272	37476	5.44138e+07
1.02729	36088	5.44499e+07
1.02739	34700	5.44846e+07
1.02749	36088	5.45206e+07
1.0276	37476	5.45581e+07
1.0277	37476	5.45956e+07
1.0278	37476	5.46331e+07
1.0279	37476	5.46705e+07
1.028	37476	5.4708e+07
1.0281	37476	5.47455e+07
1.0282	36088	5.47816e+07
1.0283	37476	5.48191e+07
1.0284	37476	5.48565e+07
1.0285	37476	5.4894e+07
1.02859	36088	5.49301e+07
1.02869	36088	5.49662e+07
1.02879	34700	5.50009e+07
1.0289	37476	5.50384e+07
1.029	37476	5.50758e+07
1.0291	37476	5.51133e+07
1.0292	37476	5.51508e+07
1.0293	37476	5.51883e+07
1.0294	34700	5.5223e+07
1.0295	36088	5.52591e+07
1.0296	37476	5.52965e+07
1.0297	37476	5.5334e+07
1.0298	37476	5.53715e+07
1.02989	36088	5.54076e+07
1.02999	36088	5.54437e+07
1.03009	34700	5.54784e+07
1.0302	37476	5.55158e+07
1.0303	37476	5.55533e+07
1.0309	183216	5.57365e+07
1.031	37476	5.5774e+07
1.0311	37476	5.58115e+07
1.03119	36088	5.58476e+07
1.03129	36088	5.58837e+07
1.03139	34700	5.59184e+07
1.0315	37476	5.59558e+07
1.0316	37476	5.59933e+07
1.0317	37476	5.60308e+07
1.0318	37476	5.60683e+07
1.0319	37476	5.61057e+07
1.032	37476	5.61432e+07
1.0321	37476	5.61807e+07
1.0322	36088	5.62168e+07
1.0323	37476	5.62543e+07
1.0324	37476	5.62917e+07
1.03249	36088	5.63278e+07
1.03259	36088	5.63639e+07
1.03269	34700	5.63986e+07
1.0328	37476	5.64361e+07
1.0329	37476	5.64736e+07
1.033	37476	5.6511e+07
1.0331	37476	5.65485e+07
1.0332	37476	5.6586e+07
1.0333	37476	5.66235e+07
1.0334	37476	5.66609e+07
1.0335	37476	5.66984e+07
1.0336	36088	5.67345e+07
1.0337	37476	5.6772e+07
1.03379	36088	5.68081e+07
1.03389	36088	5.68442e+07
1.03399	34700	5.68789e+07
1.0341	37476	5.69163e+07
1.0342	37476	5.69538e+07
1.0343	37476	5.69913e+07
1.0344	37476	5.70288e+07
1.0345	37476	5.70662e+07
1.0346	37476	5.71037e+07
1.0347	37476	5.71412e+07
1.0348	37476	5.71787e+07
1.0349	36088	5.72147e+07
1.035	37476	5.72522e+07
1.03509	36088	5.72883e+07
1.03519	36088	5.73244e+07
1.03529	34700	5.73591e+07
1.0354	37476	5.73966e+07
1.0355	37476	5.74341e+07
1.0356	37476	5.74715e+07
1.0357	37476	5.7509e+07
1.0358	37476	5.75465e+07
1.0359	37476	5.7584e+07
1.036	37476	5.76214e+07
1.0361	37476	5.76589e+07
1.0362	36088	5.7695e+07
1.0363	37476	5.77325e+07
1.03639	36088	5.77686e+07
1.03649	36088	5.78046e+07
1.03659	34700	5.78393e+07
1.0367	37476	5.78768e+07
1.0368	37476	5.79143e+07
1.0369	37476	5.79518e+07
1.037	37476	5.79893e+07
1.0371	37476	5.80267e+07
1.0372	37476	5.80642e+07
1.0373	37476	5.81017e+07
1.0374	37476	5.81392e+07
1.0375	37476	5.81766e+07
1.0376	36088	5.82127e+07
1.03769	36088	5.82488e+07
1.03779	36088	5.82849e+07
1.03789	34700	5.83196e+07
1.038	37476	5.83571e+07
1.0381	37476	5.83945e+07
1.0382	37476	5.8432e+07
1.0383	37476	5.84695e+07
1.0384	37476	5.8507e+07
1.0385	37476	5.85445e+07
1.0386	37476	5.85819e+07
1.0387	37476	5.86194e+07
1.0388	37476	5.86569e+07
1.0389	36088	5.8693e+07
1.03899	36088	5.87291e+07
1.03909	36088	5.87651e+07
