0.0286083	26.242
0.0297083	26.103
0.112312	31.1208
0.148296	30.8484
0.148337	30.8337
0.184296	30.5999
0.184396	30.5864
0.184462	30.6008
0.220296	33.4767
0.220396	33.444
0.220496	33.4448
0.220508	33.4638
0.240587	32.1885
0.256296	33.2962
0.256396	33.4858
0.256496	33.6803
0.256508	33.8595
0.276587	32.2545
0.292296	32.9279
0.292396	32.9944
0.292496	33.0768
0.292521	33.1555
0.312596	32.3818
0.312696	32.4189
0.312796	32.4977
0.312821	32.599
0.328296	33.2149
0.328396	33.4761
0.328496	33.7036
0.328529	33.8844
0.348596	31.6988
0.348696	31.8309
0.348796	32.0104
0.348829	32.2075
0.364296	32.34
0.364396	32.4877
0.364496	32.6033
0.364537	32.6736
0.364608	32.6909
0.384696	33.245
0.384796	33.2777
0.384896	33.3072
0.384937	33.3182
0.385008	33.2973
0.400296	32.2226
0.400396	32.7268
0.400496	33.1757
0.400558	33.544
0.400608	33.8172
0.420696	31.0652
0.420796	31.4314
0.420896	31.8269
0.420958	32.2012
0.421008	32.5157
0.436296	29.9514
0.436396	30.3972
0.436496	30.8368
0.436592	31.2201
0.436608	31.5192
0.456696	31.7524
0.456796	31.774
0.456896	31.8496
0.456992	31.9409
0.457008	32.01
0.472296	30.2583
0.472396	30.8079
0.472496	31.2643
0.472596	31.6022
0.47265	31.8098
0.472708	31.8834
0.492796	33.0821
0.492896	33.4519
0.492996	33.7665
0.493096	34.0072
0.49315	34.1617
0.493208	34.2232
0.508296	30.5223
0.508396	30.5121
0.508496	30.5627
0.508596	30.6676
0.508696	30.8141
0.508729	30.9864
0.528796	30.439
0.528896	30.4031
0.528996	30.4123
0.529096	30.4643
0.529196	30.5509
0.529229	30.6601
0.544296	30.7542
0.544396	30.7401
0.544496	30.745
0.544596	30.7644
0.544696	30.7912
0.544796	30.8167
0.544842	30.832
0.544908	30.8297
0.564996	31.8939
0.565096	31.9281
0.565196	31.9579
0.565296	31.9767
0.565396	31.9777
0.565496	31.9544
0.565542	31.9015
0.565608	31.8157
0.580296	30.2158
0.580396	30.1557
0.580496	30.1468
0.580596	30.1826
0.580696	30.2511
0.580796	30.3384
0.580892	30.4304
0.580992	30.5151
0.581029	30.5838
0.601096	31.6542
0.601196	31.2364
0.601296	30.7701
0.601396	30.3163
0.601496	29.9551
0.601596	29.7675
0.601692	29.8026
0.601796	30.0508
0.601829	30.4492
0.616296	32.1534
0.616396	31.9517
0.616496	31.6367
0.616596	31.2303
0.616696	30.7705
0.616796	30.3155
0.616892	29.9433
0.616992	29.7353
0.617092	29.7454
0.617196	29.9706
0.617283	30.3533
0.617308	30.8112
0.637396	30.0096
0.637496	29.7116
0.637596	29.6117
0.637696	29.7368
0.637796	30.0531
0.637896	30.4853
0.637992	30.9512
0.638096	31.3839
0.638196	31.7378
0.638296	31.9853
0.638383	32.1116
0.638408	32.11
0.652296	31.916
0.652396	31.6637
0.652496	31.3053
0.652596	30.8688
0.652696	30.4
0.652796	29.9665
0.652892	29.6513
0.652992	29.5294
0.653092	29.6335
0.653196	29.9357
0.653296	30.3629
0.653396	30.8318
0.653496	31.2732
0.653596	31.6395
0.653675	31.9015
0.653708	32.0432
0.688296	31.6674
0.688396	31.3703
0.688496	30.9768
0.688596	30.5216
0.688696	30.0591
0.688796	29.6645
0.688892	29.4211
0.688992	29.3903
0.689092	29.5805
0.689196	29.9418
0.689296	30.3934
0.689396	30.8561
0.689496	31.2694
0.689596	31.5939
0.689696	31.8064
0.689796	31.8949
0.689896	31.855
0.689996	31.6885
0.690096	31.4043
0.690192	31.0206
0.690271	30.5698
0.690308	30.1041
0.690596	29.4302
0.710396	26.0987
0.710496	26.5689
0.710596	27.0877
0.710696	27.5911
0.710796	28.0382
0.710896	28.4074
0.710992	28.6908
0.711071	28.8905
0.711108	29.0155
0.724296	27.0309
0.724396	27.5338
0.724496	27.9799
0.724596	28.348
0.724696	28.6303
0.724796	28.8288
0.724892	28.9529
0.724992	29.0171
0.725092	29.041
0.725196	29.0476
0.725296	29.0609
0.725396	29.1028
0.725496	29.1882
0.725596	29.3223
0.725696	29.499
0.725796	29.7029
0.725896	29.913
0.725996	30.1069
0.726096	30.2635
0.726192	30.3652
0.726292	30.3979
0.726392	30.3516
0.726496	30.2199
0.726596	30
0.726696	29.6933
0.726796	29.3067
0.726896	28.8542
0.726996	28.3599
0.727096	27.8598
0.727171	27.4017
0.727208	27.0388
0.747296	27.1046
0.747396	26.7018
0.747496	26.262
0.747571	25.8436
0.747608	25.5206
0.748071	26.0915
0.754296	28.7125
0.754396	28.2175
0.754496	27.7179
0.754596	27.2617
0.754696	26.9021
0.754796	26.6833
0.754892	26.6236
0.754992	26.7073
0.755092	26.8915
0.755196	27.1229
0.755296	27.3532
0.755396	27.5463
0.755496	27.68
0.755596	27.7443
0.755696	27.7403
0.755796	27.6789
0.755896	27.5805
0.755996	27.474
0.756096	27.3941
0.756196	27.3755
0.756292	27.4443
0.756392	27.6098
0.756492	27.8613
0.756596	28.1718
0.756696	28.5064
0.756796	28.8305
0.756896	29.1146
0.756996	29.3362
0.757096	29.4796
0.757196	29.5346
0.757296	29.4957
0.757396	29.3618
0.757496	29.136
0.757592	28.8268
0.757692	28.4494
0.757792	28.0279
0.757896	27.5971
0.757996	27.2007
0.758096	26.8861
0.758196	26.6918
0.758296	26.6334
0.758396	26.6971
0.758462	26.8449
0.758508	27.0283
0.758962	27.3437
0.759008	27.2147
0.778596	25.4008
0.778696	25.3062
0.778796	25.4546
0.778862	25.8061
0.778908	26.2821
0.785296	27.456
0.785396	27.0613
0.785496	26.7496
0.785596	26.5589
0.785696	26.5042
0.785796	26.5707
0.785892	26.7201
0.785992	26.9038
0.786092	27.0757
0.786196	27.1995
0.786296	27.2498
0.786392	27.2119
0.786492	27.0803
0.786592	26.8588
0.786696	26.5618
0.786796	26.2166
0.786896	25.8656
0.786996	25.5655
0.787096	25.3776
0.787196	25.3496
0.787292	25.4943
0.787392	25.7836
0.787492	26.1615
0.787596	26.5654
0.787696	26.9419
0.787796	27.2521
0.787892	27.4702
0.787992	27.5812
0.788096	27.5773
0.788196	27.4572
0.788296	27.2256
0.788396	26.8953
0.788496	26.49
0.788592	26.0498
0.788692	25.6337
0.788792	25.3164
0.788896	25.1704
0.788996	25.237
0.789092	25.5046
0.789192	25.9161
0.789296	26.3963
0.789396	26.8781
0.789496	27.3132
0.789596	27.6719
0.789696	27.9392
0.789796	28.1102
0.789892	28.1878
0.789992	28.1812
0.790092	28.1058
0.790196	27.9831
0.790296	27.8408
0.790396	27.7104
0.790496	27.6233
0.790596	27.6038
0.790696	27.6626
0.790796	27.7933
0.790896	27.9747
0.790996	28.1766
0.791096	28.367
0.791196	28.5172
0.791296	28.6035
0.791392	28.6084
0.791492	28.5195
0.791592	28.3297
0.791696	28.037
0.791796	27.6464
0.791896	27.1726
0.791996	26.6447
0.792096	26.112
0.792196	25.6465
0.792296	25.3329
0.792379	25.2417
0.792408	25.3933
0.792696	26.2241
0.812496	27.7297
0.812596	27.7539
0.812696	27.8352
0.812796	27.9528
0.812896	28.08
0.812979	28.1898
0.813008	28.2583
0.821296	28.1268
0.821396	28.5649
0.821496	28.9716
0.821596	29.3239
0.821696	29.6072
0.821796	29.8138
0.821892	29.9413
0.821992	29.9912
0.822092	29.9693
0.822196	29.8846
0.822296	29.7498
0.822396	29.5808
0.822496	29.3959
0.822596	29.2149
0.822696	29.0558
0.822796	28.9316
0.822896	28.8477
0.822996	28.8
0.823096	28.776
0.823192	28.7576
0.823292	28.7243
0.823392	28.6562
0.823496	28.5363
0.823596	28.3518
0.823696	28.0956
0.823796	27.767
0.823896	27.3745
0.823996	26.9379
0.824096	26.4926
0.824196	26.0906
0.824296	25.795
0.824396	25.6643
0.824492	25.7283
0.824596	25.9733
0.824692	26.3486
0.824796	26.7892
0.824896	27.2356
0.824996	27.6434
0.825096	27.9844
0.825196	28.2428
0.825296	28.4121
0.825396	28.4929
0.825496	28.4911
0.825596	28.4179
0.825696	28.2897
0.825792	28.128
0.825892	27.9588
0.825992	27.8096
0.826096	27.7058
0.826196	27.6643
0.826296	27.6894
0.826396	27.7714
0.826496	27.8893
0.826596	28.0164
0.826696	28.1258
0.826796	28.1936
0.826896	28.201
0.826996	28.1353
0.827092	27.9893
0.827192	27.7623
0.827292	27.4609
0.827396	27.101
0.827496	26.7102
0.827596	26.3292
0.827692	26.0097
0.827796	25.8048
0.827896	25.7528
0.827996	25.86
0.828096	26.0984
0.828196	26.4173
0.828296	26.7612
0.828392	27.0826
0.828496	27.3465
0.828592	27.5302
0.828696	27.6205
0.828796	27.6119
0.828896	27.5055
0.828996	27.3085
0.829096	27.0357
0.829196	26.7112
0.829296	26.3696
0.829396	26.0561
0.829496	25.8202
0.829596	25.704
0.829696	25.7275
0.829796	25.8805
0.829896	26.1269
0.829992	26.419
0.830092	26.7112
0.830192	26.9673
0.830296	27.1629
0.830396	27.2849
0.830496	27.3294
0.830596	27.3015
0.830696	27.2148
0.830796	27.0915
0.830896	26.9627
0.830996	26.8651
0.831096	26.836
0.831196	26.9032
0.831292	27.0768
0.831392	27.3455
0.831492	27.6808
0.831508	28.0461
0.831892	28.9987
0.851596	25.9499
0.851696	25.6582
0.851796	25.5326
0.851896	25.602
0.851996	25.8513
0.852096	26.2293
0.852192	26.6708
0.852296	27.1166
0.852396	27.5229
0.852496	27.8618
0.852596	28.1178
0.852696	28.2847
0.852787	28.3631
0.857296	26.0036
0.857396	26.2964
0.857496	26.588
0.857596	26.8427
0.857696	27.0364
0.857796	27.1562
0.857896	27.1987
0.857996	27.1689
0.858092	27.0809
0.858192	26.957
0.858292	26.8285
0.858396	26.7324
0.858496	26.7056
0.858596	26.7757
0.858696	26.9521
0.858796	27.2231
0.858896	27.5596
0.858996	27.9253
0.859096	28.2846
0.859196	28.6082
0.859296	28.8742
0.859396	29.0683
0.859492	29.1819
0.859592	29.2117
0.859692	29.1585
0.859796	29.0273
0.859896	28.8277
0.859996	28.5743
0.860096	28.2873
0.860196	27.9925
0.860296	27.719
0.860396	27.495
0.860496	27.3417
0.860596	27.2674
0.860696	27.2648
0.860792	27.3134
0.860892	27.3854
0.860992	27.4524
0.861096	27.4901
0.861196	27.4812
0.861296	27.4163
0.861396	27.2952
0.861496	27.1274
0.861596	26.933
0.861696	26.7435
0.861796	26.599
0.861896	26.542
0.861996	26.6053
0.862096	26.8008
0.862192	27.1143
0.862296	27.5113
0.862392	27.9488
0.862496	28.3861
0.862596	28.791
0.862696	29.1407
0.862796	29.421
0.862896	29.6244
0.862996	29.7485
0.863096	29.7954
0.863196	29.7707
0.863296	29.6837
0.863396	29.5472
0.863492	29.3771
0.863592	29.192
0.863692	29.0116
0.863796	28.8536
0.863896	28.7311
0.863996	28.6488
0.864096	28.6023
0.864196	28.579
0.864296	28.5604
0.864396	28.5261
0.864496	28.4561
0.864596	28.3338
0.864696	28.1464
0.864792	27.8872
0.864892	27.5557
0.864992	27.1609
0.865096	26.7232
0.865196	26.2785
0.865296	25.8796
0.865396	25.5897
0.865496	25.4667
0.865596	25.5387
0.865696	25.7902
0.865796	26.1696
0.865896	26.6115
0.865996	27.057
0.866092	27.4626
0.866192	27.8004
0.866292	28.0552
0.866396	28.2208
0.866496	28.298
0.866596	28.2931
0.866696	28.2173
0.866796	28.0872
0.866896	27.9247
0.866996	27.7557
0.867096	27.608
0.867196	27.5065
0.867296	27.4677
0.867392	27.4954
0.867492	27.5793
0.867592	27.6982
0.867696	27.8251
0.867796	27.9332
0.867896	27.9988
0.867992	28.0035
0.868096	27.9346
0.868196	27.7852
0.868296	27.5549
0.868396	27.2507
0.868496	26.889
0.868596	26.4977
0.868692	26.1181
0.868796	25.8023
0.868892	25.6032
0.868996	25.5577
0.869096	25.6711
0.869196	25.9139
0.869296	26.2349
0.869396	26.5787
0.869496	26.8984
0.869596	27.1594
0.869696	27.3394
0.869796	27.4257
0.869896	27.4131
0.869992	27.3027
0.870092	27.1022
0.870192	26.8268
0.870296	26.5008
0.870396	26.1595
0.870496	25.8482
0.870596	25.6165
0.870696	25.5058
0.870796	25.5351
0.870896	25.6926
0.870996	25.9419
0.871096	26.2349
0.871196	26.5263
0.871292	26.7803
0.871392	26.973
0.871492	27.0918
0.871596	27.1332
0.871696	27.1026
0.871796	27.0138
0.871896	26.8897
0.871996	26.7614
0.872096	26.6659
0.872196	26.6403
0.872296	26.7118
0.872396	26.8897
0.872496	27.1618
0.872592	27.499
0.872692	27.8648
0.872708	28.2238
0.872996	28.8118
0.892796	25.4528
0.892896	25.3349
0.892996	25.4123
0.893096	25.6681
0.893196	26.05
0.893296	26.4927
0.893392	26.9377
0.893496	27.3417
0.893596	27.6773
0.893692	27.9297
0.893708	28.0929
0.893896	28.1678
0.893996	28.1607
0.894096	28.0832
0.894196	27.9519
0.894296	27.7889
0.894396	27.6201
0.894496	27.4733
0.894596	27.3734
0.894692	27.3364
0.894792	27.3659
0.894892	27.4511
0.894996	27.5705
0.895096	27.6973
0.895196	27.8045
0.895296	27.8687
0.895392	27.8715
0.895496	27.8004
0.895596	27.6488
0.895696	27.4164
0.895796	27.1103
0.895896	26.7473
0.895992	26.3557
0.896092	25.9772
0.896196	25.6639
0.896292	25.4686
0.896396	25.4276
0.896496	25.5451
0.896596	25.7908
0.896696	26.1131
0.896796	26.4568
0.896896	26.7753
0.896996	27.0343
0.897096	27.2119
0.897196	27.2955
0.897292	27.2802
0.897392	27.1672
0.897492	26.9644
0.897596	26.6872
0.897696	26.3603
0.897796	26.0191
0.897896	25.7094
0.897996	25.4805
0.898096	25.3736
0.898196	25.4066
0.898296	25.5673
0.898396	25.8184
0.898496	26.112
0.898592	26.4027
0.898692	26.6553
0.898792	26.8461
0.898896	26.9628
0.898996	27.0021
0.899096	26.9696
0.899196	26.8796
0.899296	26.7549
0.899396	26.627
0.899496	26.533
0.899596	26.5097
0.899696	26.5841
0.899796	26.7648
0.899892	27.0391
0.899992	27.3776
0.900092	24.3066
0.900196	24.3562
0.900296	24.4417
0.900392	24.5568
0.900496	24.6917
0.900596	24.8347
0.900696	24.9739
0.900796	25.0989
0.900896	25.2014
0.900996	25.2755
0.901096	25.3183
0.901192	25.329
0.901292	25.3097
0.901392	25.2645
0.901496	25.1992
0.901596	25.1205
0.901692	25.0355
0.901796	24.9507
0.901896	24.8715
0.901996	24.8009
0.902096	24.7394
0.902196	24.6847
0.902296	24.6328
0.902396	24.5786
0.902492	24.5167
0.902592	24.443
0.902692	24.3552
0.902796	24.2542
0.902896	24.1446
0.902996	24.0345
0.903096	23.9356
0.903196	23.8621
0.903296	23.8291
0.903396	23.8493
0.903496	23.9307
0.903596	24.0743
0.903696	24.2736
0.903796	24.516
0.903892	24.7859
0.903992	25.0667
0.904092	25.3433
0.904196	25.6035
0.904296	25.8384
0.904396	26.0422
0.904496	26.212
0.904596	26.3473
0.904696	26.4496
0.904796	26.5219
0.904896	26.5683
0.904996	26.593
0.905096	26.6005
0.905192	26.5944
0.905292	26.5773
0.905392	26.5506
0.905496	26.5138
0.905596	26.4651
0.905696	26.4013
0.905796	26.3187
0.905896	26.2131
0.905996	26.0811
0.906096	25.92
0.906196	25.7288
0.906296	25.509
0.906396	25.2649
0.906496	25.0043
0.906592	24.7389
0.906692	24.4841
0.906796	24.2579
0.906892	24.0789
0.906996	23.9631
0.907096	23.9204
0.907196	23.9522
0.907296	24.0511
0.907396	24.2029
0.907496	24.3902
0.907596	24.5952
0.907696	24.8026
0.907796	25.0006
0.907892	25.1815
0.907992	25.3414
0.908092	25.4794
0.908196	25.5971
0.908296	25.6975
0.908396	25.7846
0.908496	25.8621
0.908596	25.9333
0.908696	25.9997
0.908796	26.0613
0.908896	26.1163
0.908996	26.1615
0.909096	26.1923
0.909192	26.2036
0.909292	26.19
0.909392	26.147
0.909496	26.071
0.909596	25.9599
0.909696	25.8132
0.909796	25.6329
0.909892	25.4234
0.909996	25.1919
0.910096	24.9484
0.910196	24.7048
0.910296	24.4749
0.910396	24.2719
0.910492	24.1074
0.910592	23.9885
0.910692	23.9167
0.910796	23.8876
0.910896	23.8921
0.910996	23.9186
0.911096	23.9549
0.911196	23.9902
0.911296	24.0165
0.911396	24.0292
0.911496	24.0275
0.911596	24.0137
0.911696	23.9931
0.911792	23.9728
0.911892	23.9606
0.911992	23.9636
0.912096	23.987
0.912196	24.0325
0.912296	24.0983
0.912396	24.1791
0.912496	24.2674
0.912596	24.3542
0.912696	24.4308
0.912796	24.4894
0.912896	24.5247
0.912996	24.5337
0.913092	24.5168
0.913192	24.4769
0.913292	24.4203
0.913396	24.356
0.913496	24.295
0.913596	24.2488
0.913696	24.2283
0.913796	24.2414
0.913896	24.2916
0.913996	24.3775
0.914096	24.4929
0.914196	24.628
0.914296	24.771
0.914392	24.9101
0.914492	25.0349
0.914592	25.137
0.914696	25.2107
0.914796	25.253
0.914896	25.2633
0.914996	25.2437
0.915096	25.1982
0.915196	25.1326
0.915296	25.0538
0.915396	24.9687
0.915496	24.884
0.915596	24.8049
0.915692	24.7344
0.915792	24.673
0.915892	24.6184
0.915996	24.5665
0.916096	24.5122
0.916196	24.4502
0.916296	24.3763
0.916396	24.2882
0.916496	24.1871
0.916596	24.0774
0.916696	23.9674
0.916796	23.8688
0.916896	23.7958
0.916992	23.7634
0.917092	23.7844
0.917192	23.8667
0.917296	24.0111
0.917396	24.211
0.917492	24.454
0.917596	24.7241
0.917696	25.0049
0.917796	25.2814
0.917896	25.5413
0.917996	25.7758
0.918025	25.9791
0.918525	26.5031
0.929296	24.7383
0.929396	24.6679
0.929496	24.6066
0.929596	24.5521
0.929696	24.5002
0.929796	24.4458
0.929892	24.3837
0.929992	24.3095
0.930092	24.2213
0.930196	24.1201
0.930296	24.0103
0.930396	23.9003
0.930496	23.802
0.930596	23.7294
0.930696	23.6977
0.930796	23.7195
0.930896	23.8027
0.930996	23.9479
0.931096	24.1485
0.931196	24.3919
0.931292	24.6623
0.931392	24.9432
0.931492	25.2195
0.931596	25.4791
0.931696	25.7132
0.931796	25.9161
0.931896	26.085
0.931996	26.2193
0.932096	26.3208
0.932196	26.3923
0.932296	26.438
0.932396	26.4622
0.932496	26.4693
0.932592	26.4629
0.932692	26.4455
0.932792	26.4185
0.932896	26.3814
0.932996	26.3323
0.933096	26.2681
0.933196	26.1849
0.933296	26.0787
0.933396	25.9459
0.933496	25.7839
0.933596	25.592
0.933696	25.3714
0.933796	25.1267
0.933892	24.8658
0.933992	24.6005
0.934092	24.3463
0.934196	24.1211
0.934296	23.9437
0.934396	23.8297
0.934496	23.7891
0.934596	23.8229
0.934696	23.9234
0.934796	24.0765
0.934896	24.2644
0.934996	24.4697
0.935096	24.677
0.935192	24.8746
0.935292	25.055
0.935392	25.2143
0.935496	25.3517
0.935596	25.4689
0.935696	25.5689
0.935796	25.6556
0.935896	25.733
0.935996	25.804
0.936096	25.8702
0.936196	25.9317
0.936296	25.9865
0.936396	26.0314
0.936492	26.0617
0.936592	26.0724
0.936692	26.0581
0.936796	26.0142
0.936896	25.9373
0.936996	25.8252
0.937096	25.6775
0.937196	25.4963
0.937296	25.2861
0.937396	25.0542
0.937496	24.8104
0.937596	24.5671
0.937696	24.3377
0.937792	24.1357
0.937892	23.9723
0.937992	23.8547
0.938096	23.7842
0.938196	23.7562
0.938296	23.7614
0.938396	23.7883
0.938496	23.8247
0.938596	23.8599
0.938696	23.8858
0.938796	23.8981
0.938896	23.896
0.938996	23.882
0.939092	23.8613
0.939192	23.8411
0.939292	23.8292
0.939396	23.8328
0.939496	23.8568
0.939596	23.9028
0.939696	23.9691
0.939796	24.0503
0.939896	24.1387
0.939996	24.2253
0.940096	24.3015
0.940196	24.3595
0.940296	24.3941
0.940392	24.4024
0.940492	24.3848
0.940592	24.3443
0.940696	24.2874
0.940796	24.223
0.940896	24.1623
0.940996	24.1167
0.941096	24.097
0.941196	24.1111
0.941296	24.1623
0.941396	24.2491
0.941496	24.3652
0.941596	24.5007
0.941692	24.6437
0.941792	24.7826
0.941892	24.9068
0.941996	25.0082
0.942096	25.0811
0.942196	25.1225
0.942296	25.132
0.942396	25.1116
0.942496	25.0654
0.942596	24.9994
0.942696	24.9203
0.942796	24.8352
0.942896	24.7506
0.942992	24.6717
0.943092	24.6015
0.943192	24.5402
0.943296	24.4858
0.943396	24.4339
0.943496	24.3794
0.943596	24.3172
0.943696	24.2429
0.943796	24.1545
0.943896	24.053
0.943996	23.9432
0.944096	23.8333
0.944196	23.7352
0.944292	23.6631
0.944392	23.632
0.944492	23.6546
0.944596	23.7387
0.944696	23.8847
0.944796	24.086
0.944892	24.3299
0.944996	24.6006
0.945096	24.8815
0.945196	25.1576
0.945296	25.4169
0.945396	25.6506
0.945496	25.853
0.945592	26.0215
0.945692	26.1554
0.945792	26.2564
0.945896	26.3275
0.945996	26.3729
0.946092	26.3969
0.946196	26.4037
0.946296	26.3971
0.946396	26.3796
0.946496	26.3525
0.946596	26.3153
0.946696	26.266
0.946796	26.2016
0.946892	26.118
0.946992	26.0115
0.947092	25.8783
0.947196	25.7159
0.947296	25.5236
0.947396	25.3027
0.947496	25.0577
0.947596	24.7966
0.947696	24.5313
0.947796	24.2774
0.947896	24.0528
0.947996	23.8761
0.948096	23.7631
0.948192	23.7235
0.948292	23.7583
0.948392	23.8597
0.948496	24.0133
0.948596	24.2016
0.948696	24.407
0.948792	24.6142
0.948896	24.8116
0.948996	24.9917
0.949096	25.1507
0.949196	25.2879
0.949296	25.4048
0.949396	25.5046
0.949492	25.5912
0.949592	25.6684
0.949692	25.7393
0.949796	25.8055
0.949896	25.8669
0.949996	25.9216
0.950096	25.9663
0.950196	25.9964
0.950296	26.0068
0.950396	25.9921
0.950496	25.9478
0.950596	25.8704
0.950696	25.7578
0.950792	25.6097
0.950892	25.4281
0.950996	25.2175
0.951096	24.9853
0.951192	24.7415
0.951296	24.4983
0.951396	24.2692
0.951496	24.0676
0.951596	23.9049
0.951696	23.7879
0.951796	23.718
0.951896	23.6905
0.951996	23.6961
0.952092	23.7232
0.952192	23.7597
0.952292	23.7947
0.952396	23.8205
0.952496	23.8326
0.952596	23.8304
0.952696	23.8162
0.952796	23.7955
0.952896	23.7753
0.952996	23.7636
0.953096	23.7674
0.953196	23.7917
0.953296	23.8381
0.953392	23.9046
0.953492	23.9859
0.953592	24.0743
0.953696	24.1609
0.953796	24.2368
0.953896	24.2946
0.953996	24.3288
0.954096	24.3368
0.954196	24.3188
0.954296	24.2781
0.954396	24.221
0.954496	24.1566
0.954596	24.096
0.954692	24.0507
0.954792	24.0314
0.954892	24.046
0.954996	24.0977
0.955096	24.185
0.955196	24.3014
0.955296	24.4371
0.955396	24.5802
0.955496	24.7189
0.955596	24.8428
0.955696	24.9439
0.955796	25.0164
0.955896	25.0573
0.955992	25.0664
0.956092	25.0455
0.956192	24.9991
0.956296	24.9329
0.956396	24.8536
0.956492	24.7684
0.956596	24.6839
0.956696	24.6051
0.956796	24.535
0.956896	24.4739
0.956996	24.4195
0.957096	24.3676
0.957196	24.3131
0.957292	24.2507
0.957392	24.1762
0.957492	24.0876
0.957596	23.986
0.957696	23.8761
0.957796	23.7663
0.957896	23.6685
0.957996	23.5968
0.958096	23.5664
0.958196	23.5898
0.958296	23.6747
0.958396	23.8216
0.958496	24.0236
0.958596	24.268
0.958692	24.5389
0.958792	24.8198
0.958892	25.0958
0.958996	25.3548
0.959096	25.5881
0.959196	25.7901
0.959296	25.958
0.959396	26.0915
0.959496	26.192
0.959596	26.2628
0.959696	26.3078
0.959796	26.3315
0.959896	26.3382
0.959992	26.3314
0.960092	26.3138
0.960192	26.2865
0.960296	26.2491
0.960396	26.1997
0.960496	26.135
0.960596	26.0512
0.960696	25.9443
0.960796	25.8107
0.960896	25.648
0.960996	25.4552
0.961096	25.2339
0.961196	24.9886
0.961292	24.7274
0.961392	24.4622
0.961492	24.2085
0.961596	23.9845
0.961696	23.8085
0.961796	23.6965
0.961896	23.658
0.961996	23.6937
0.962096	23.7959
0.962196	23.9501
0.962296	24.1388
0.962396	24.3443
0.962496	24.5515
0.962596	24.7487
0.962692	24.9285
0.962792	25.0873
0.962892	25.2241
0.962996	25.3408
0.963096	25.4403
0.963196	25.5268
0.963296	25.6039
0.963396	25.6747
0.963496	25.7409
0.963596	25.8022
0.963696	25.8568
0.963796	25.9013
0.963896	25.9312
0.963992	25.9412
0.964092	25.9262
0.964192	25.8815
0.964296	25.8036
0.964396	25.6905
0.964496	25.5419
0.964596	25.3599
0.964692	25.1489
0.964796	24.9165
0.964896	24.6726
0.964996	24.4295
0.965096	24.2007
0.965196	23.9996
0.965292	23.8374
0.965392	23.7211
0.965492	23.6518
0.965596	23.6248
0.965696	23.6309
0.965796	23.6582
0.965896	23.6947
0.965996	23.7297
0.966096	23.7553
0.966196	23.7672
0.966296	23.7647
0.966396	23.7505
0.966496	23.7297
0.966592	23.7096
0.966692	23.6981
0.966792	23.7021
0.966896	23.7267
0.966996	23.7733
0.967096	23.8401
0.967196	23.9216
0.967296	24.0101
0.967396	24.0965
0.967496	24.1723
0.967596	24.2297
0.967696	24.2636
0.967796	24.2712
0.967892	24.2529
0.967992	24.2119
0.968092	24.1546
0.968196	24.0902
0.968296	24.0297
0.968396	23.9847
0.968496	23.9659
0.968596	23.9809
0.968696	24.0332
0.968796	24.1209
0.968896	24.2377
0.968996	24.3735
0.969096	24.5166
0.969192	24.6552
0.969292	24.7789
0.969392	24.8796
0.969496	24.9517
0.969596	24.9922
0.969696	25.0008
0.969796	24.9796
0.969896	24.9328
0.969996	24.8664
0.970096	24.787
0.970196	24.7018
0.970296	24.6173
0.970396	24.5386
0.970492	24.4686
0.970592	24.4076
0.970692	24.3533
0.970796	24.3014
0.970896	24.2468
0.970996	24.1843
0.971096	24.1096
0.971196	24.0208
0.971296	23.9191
0.971396	23.8091
0.971496	23.6994
0.971596	23.6018
0.971696	23.5306
0.971792	23.5008
0.971892	23.5251
0.971992	23.6108
0.972096	23.7585
0.972196	23.9612
0.972292	24.206
0.972396	24.4772
0.972496	24.7582
0.972596	25.034
0.972696	25.2927
0.972796	25.5256
0.972896	25.7271
0.972996	25.8946
0.973092	26.0276
0.973192	26.1277
0.973292	26.1981
0.973396	26.2428
0.973496	26.2662
0.973596	26.2727
0.973696	26.2658
0.973796	26.248
0.973896	26.2206
0.973996	26.1831
0.974096	26.1335
0.974196	26.0686
0.974296	25.9845
0.974392	25.8772
0.974492	25.7432
0.974592	25.5801
0.974696	25.3869
0.974796	25.1652
0.974896	24.9197
0.974996	24.6583
0.975096	24.3932
0.975196	24.1397
0.975296	23.9162
0.975396	23.7411
0.975496	23.63
0.975596	23.5925
0.975692	23.6293
0.975792	23.7323
0.975892	23.8871
0.975996	24.0761
0.976096	24.2817
0.976192	24.4888
0.976296	24.6858
0.976396	24.8654
0.976496	25.0238
0.976596	25.1604
0.976696	25.2768
0.976796	25.3762
0.976896	25.4624
0.976992	25.5395
0.977092	25.6102
0.977192	25.6763
0.977296	25.7375
0.977396	25.792
0.977496	25.8364
0.977596	25.866
0.977696	25.8758
0.977796	25.8603
0.977896	25.8152
0.977996	25.7369
0.978096	25.6233
0.978196	25.4742
0.978296	25.2917
0.978396	25.0804
0.978496	24.8478
0.978592	24.6038
0.978692	24.3608
0.978792	24.1323
0.978896	23.9316
0.978996	23.7701
0.979096	23.6544
0.979196	23.5858
0.979296	23.5593
0.979396	23.5657
0.979496	23.5932
0.979596	23.6297
0.979696	23.6646
0.979796	23.6901
0.979892	23.7018
0.979992	23.6992
0.980092	23.6848
0.980196	23.6639
0.980296	23.6439
0.980396	23.6325
0.980496	23.6369
0.980596	23.6617
0.980696	23.7087
0.980796	23.7757
0.980896	23.8574
0.980996	23.9458
0.981096	24.0322
0.981192	24.1078
0.981292	24.1649
0.981392	24.1985
0.981496	24.2057
0.981596	24.187
0.981696	24.1458
0.981796	24.0883
0.981896	24.0239
0.981996	23.9635
0.982096	23.9188
0.982196	23.9004
0.982296	23.916
0.982396	23.9687
0.982492	24.0569
0.982592	24.174
0.982692	24.31
0.982796	24.4531
0.982896	24.5916
0.982996	24.715
0.983096	24.8153
0.983196	24.887
0.983296	24.9271
0.983396	24.9352
0.983496	24.9137
0.983596	24.8666
0.983696	24.7999
0.983792	24.7204
0.983892	24.6352
0.983992	24.5507
0.984096	24.4721
0.984196	24.4023
0.984296	24.3414
0.984396	24.2872
0.984492	24.2353
0.984596	24.1806
0.984696	24.1179
0.984796	24.0431
0.984896	23.9541
0.984996	23.8522
0.985096	23.7422
0.985192	23.6325
0.985292	23.5352
0.985392	23.4645
0.985496	23.4354
0.985596	23.4604
0.985696	23.547
0.985796	23.6955
0.985896	23.8989
0.985996	24.1442
0.986096	24.4156
0.986196	24.6966
0.986296	24.9723
0.986396	25.2307
0.986492	25.4631
0.986592	25.6642
0.986692	25.8312
0.986796	25.9637
0.986896	26.0635
0.986996	26.1335
0.987092	26.1779
0.987192	26.201
0.987296	26.2073
0.987396	26.2002
0.987496	26.1823
0.987596	26.1548
0.987696	26.1171
0.987796	26.0673
0.987892	26.0021
0.987992	25.9177
0.988092	25.8101
0.988196	25.6758
0.988296	25.5122
0.988396	25.3186
0.988496	25.0966
0.988596	24.8508
0.988696	24.5893
0.988796	24.3242
0.988896	24.071
0.988996	23.8481
0.989096	23.6737
0.989192	23.5636
0.989292	23.5271
0.989392	23.5648
0.989496	23.6687
0.989596	23.8241
0.989696	24.0134
0.989796	24.2192
0.989892	24.4262
0.989996	24.623
0.990096	24.8023
0.990196	24.9604
0.990296	25.0967
0.990396	25.2128
0.990492	25.312
0.990592	25.3982
0.990692	25.4751
0.990796	25.5458
0.990896	25.6118
0.990992	25.673
0.991096	25.7273
0.991196	25.7715
0.991296	25.8009
0.991396	25.8103
0.991496	25.7946
0.991596	25.749
0.991696	25.6702
0.991792	25.5561
0.991892	25.4065
0.991992	25.2236
0.992096	25.012
0.992196	24.7791
0.992296	24.5351
0.992396	24.2922
0.992496	24.0639
0.992596	23.8637
0.992696	23.7028
0.992796	23.5878
0.992896	23.5197
0.992996	23.4938
0.993092	23.5006
0.993192	23.5283
0.993292	23.5649
0.993396	23.5997
0.993496	23.625
0.993596	23.6365
0.993696	23.6337
0.993796	23.6191
0.993896	23.5983
0.993996	23.5783
0.994096	23.5671
0.994196	23.5717
0.994296	23.5968
0.994392	23.6441
0.994492	23.7114
0.994592	23.7932
0.994696	23.8817
0.994796	23.968
0.994896	24.0433
0.994996	24.1002
0.995096	24.1334
0.995196	24.1403
0.995296	24.1212
0.995396	24.0797
0.995496	24.0221
0.995596	23.9577
0.995692	23.8974
0.995792	23.853
0.995892	23.835
0.995996	23.8511
0.996096	23.9043
0.996196	23.993
0.996296	24.1104
0.996396	24.2466
0.996496	24.3897
0.996596	24.528
0.996696	24.6512
0.996796	24.7512
0.996896	24.8224
0.996992	24.8621
0.997092	24.8698
0.997192	24.8478
0.997296	24.8005
0.997396	24.7335
0.997496	24.6539
0.997596	24.5687
0.997696	24.4843
0.997796	24.4058
0.997896	24.3361
0.997996	24.2753
0.998096	24.2211
0.998196	24.1692
0.998296	24.1145
0.998392	24.0516
0.998492	23.9766
0.998592	23.8874
0.998696	23.7854
0.998796	23.6753
0.998896	23.5657
0.998996	23.4686
0.999096	23.3984
0.999196	23.37
0.999296	23.3958
0.999396	23.4833
0.999496	23.6326
0.999596	23.8366
0.999696	24.0824
0.999792	24.3541
0.999892	24.6351
0.999992	24.9106
1.0001	31.5639
1.0002	31.5235
1.0003	31.4298
1.0004	31.2907
1.0005	31.118
1.0006	30.9266
1.0007	30.7339
1.0008	30.5579
1.0009	30.414
1.001	30.3126
1.00109	30.2564
1.00119	30.24
1.00129	30.2511
1.0014	30.2733
1.0015	30.2896
1.0016	30.2848
1.0017	30.2475
1.0018	30.1713
1.0019	30.0557
1.002	29.9062
1.0021	29.7352
1.0022	29.5613
1.0023	29.4084
1.00239	29.3023
1.00249	29.2653
1.00259	29.3105
1.0027	29.4376
1.0028	29.6327
1.0029	29.8727
1.003	30.1304
1.0031	30.3801
1.0032	30.6008
1.0033	30.7767
1.0034	30.8981
1.0035	30.9601
1.0036	30.9626
1.00369	30.9098
1.00379	30.8101
1.00389	30.6759
1.004	30.5231
1.0041	30.3699
1.0042	30.2348
1.0043	30.1337
1.0044	30.0765
1.0045	30.0649
1.0046	30.0923
1.0047	30.1447
1.0048	30.2045
1.0049	30.2536
1.00499	30.2757
1.00509	30.2582
1.00519	30.1932
1.0053	30.0781
1.0054	29.916
1.0055	29.716
1.0056	29.4943
1.0057	29.2729
1.0058	29.0786
1.0059	28.939
1.006	28.8759
1.0061	28.8994
1.0062	29.0046
1.00629	29.173
1.00639	29.3776
1.00649	29.5898
1.0066	29.7834
1.0067	29.9381
1.0068	30.0398
1.0069	30.0805
1.007	30.0578
1.0071	29.975
1.0072	29.8407
1.0073	29.6694
1.0074	29.4806
1.0075	29.2987
1.00759	29.1495
1.00769	29.056
1.00779	29.0334
1.0079	29.0841
1.008	29.1981
1.0081	29.3554
1.0082	29.5314
1.0083	29.7021
1.0084	29.8475
1.0085	29.9533
1.0086	30.0113
1.0087	30.0194
1.0088	29.9813
1.00889	29.9065
1.00899	29.8099
1.00909	29.7105
1.0092	29.6301
1.0093	29.589
1.0094	29.6027
1.0095	29.6771
1.0096	29.8076
1.0097	29.9799
1.0098	30.1738
1.0099	30.3672
1.01	30.5394
1.0101	30.6735
1.01019	30.7572
1.01029	30.7825
1.01039	30.7464
1.0105	30.65
1.0106	30.4989
1.0107	30.304
1.0108	30.0813
1.0109	29.8514
1.011	29.6384
1.0111	29.4661
1.0112	29.3543
1.0113	29.3134
1.0114	29.3418
1.01149	29.4266
1.01159	29.547
1.01169	29.6801
1.0118	29.8047
1.0119	29.9042
1.012	29.9683
1.0121	29.9929
1.0122	29.9803
1.0123	29.9389
1.0124	29.8826
1.0125	29.8297
1.0126	29.8005
1.0127	29.8135
1.01279	29.8816
1.01289	30.0089
1.01299	30.1896
1.0131	30.409
1.0132	30.6472
1.0133	30.8834
1.0134	31.0984
1.0135	31.2767
1.0136	31.407
1.0137	31.4819
1.0138	31.4985
1.0139	31.4573
1.014	31.3629
1.01409	31.2233
1.01419	31.0502
1.01429	30.8586
1.0144	30.6661
1.0145	30.4904
1.0146	30.3471
1.0147	30.2463
1.0148	30.1907
1.0149	30.1747
1.015	30.1861
1.0151	30.2084
1.0152	30.2245
1.0153	30.2193
1.01539	30.1815
1.01549	30.1047
1.01559	29.9886
1.0157	29.8388
1.0158	29.6676
1.0159	29.4938
1.016	29.3414
1.0161	29.236
1.0162	29.2001
1.0163	29.2465
1.0164	29.3746
1.0165	29.5705
1.0166	29.8109
1.01669	30.0687
1.01679	30.3182
1.01689	30.5383
1.017	30.7135
1.0171	30.8341
1.0172	30.8953
1.0173	30.897
1.0174	30.8435
1.0175	30.7433
1.0176	30.6087
1.0177	30.4557
1.0178	30.3026
1.0179	30.1679
1.01799	30.0674
1.01809	30.0108
1.01819	29.9999
1.0183	30.0276
1.0184	30.0803
1.0185	30.1401
1.0186	30.1889
1.0187	30.2105
1.0188	30.1924
1.0189	30.1267
1.019	30.011
1.0191	29.8482
1.0192	29.6479
1.01929	29.426
1.01939	29.2047
1.01949	29.0111
1.0196	28.8724
1.0197	28.8104
1.0198	28.8351
1.0199	28.9413
1.02	29.1104
1.0201	29.3154
1.0202	29.5274
1.0203	29.7206
1.0204	29.8747
1.0205	29.9756
1.02059	30.0154
1.02069	29.9919
1.02079	29.9083
1.0209	29.7734
1.021	29.6016
1.0211	29.4128
1.0212	29.2312
1.0213	29.0826
1.0214	28.99
1.0215	28.9684
1.0216	29.0201
1.0217	29.1349
1.0218	29.2925
1.02189	29.4686
1.02199	29.6391
1.02209	29.7841
1.0222	29.8893
1.0223	29.9466
1.0224	29.954
1.0225	29.9153
1.0226	29.8401
1.0227	29.7433
1.0228	29.6441
1.0229	29.564
1.023	29.5237
1.0231	29.5381
1.02319	29.6133
1.02329	29.7445
1.02339	29.9173
1.0235	30.1114
1.0236	30.3045
1.0237	30.4763
1.0238	30.6099
1.0239	30.6927
1.024	30.7173
1.0241	30.6803
1.0242	30.5831
1.0243	30.4313
1.0244	30.236
1.02449	30.013
1.02459	29.7832
1.02469	29.5705
1.0248	29.399
1.0249	29.2881
1.025	29.2482
1.0251	29.2775
1.0252	29.3629
1.0253	29.4837
1.0254	29.6168
1.0255	29.7411
1.0256	29.8402
1.0257	29.9037
1.02579	29.9278
1.02589	29.9147
1.02599	29.873
1.0261	29.8166
1.0262	29.7639
1.0263	29.7352
1.0264	29.7488
1.0265	29.8178
1.0266	29.9459
1.0267	30.1273
1.0268	30.347
1.0269	30.5853
1.027	30.8213
1.02709	31.036
1.02719	31.2137
1.02729	31.3432
1.0274	31.4174
1.0275	31.4331
1.0276	31.3912
1.0277	31.2961
1.0278	31.156
1.0279	30.9825
1.028	30.7908
1.0281	30.5984
1.0282	30.4231
1.0283	30.2802
1.02839	30.1801
1.02849	30.1251
1.02859	30.1096
1.0287	30.1212
1.0288	30.1435
1.0289	30.1594
1.029	30.1539
1.0291	30.1155
1.0292	30.0383
1.0293	29.9216
1.0294	29.7714
1.0295	29.6
1.0296	29.4264
1.02969	29.2744
1.02979	29.1699
1.02989	29.135
1.03	29.1826
1.0301	29.3117
1.0302	29.5084
1.0303	29.7492
1.0304	30.0071
1.0305	30.2563
1.0306	30.4759
1.0307	30.6505
1.0308	30.7702
1.0309	30.8306
1.03099	30.8315
1.03109	30.7773
1.03119	30.6765
1.0313	30.5415
1.0314	30.3884
1.0315	30.2355
1.0316	30.1012
1.0317	30.0012
1.0318	29.9452
1.0319	29.9349
1.032	29.9631
1.0321	30.016
1.0322	30.0758
1.03229	30.1243
1.03239	30.1454
1.03249	30.1267
1.0326	30.0604
1.0327	29.9439
1.0328	29.7806
1.0329	29.5798
1.033	29.3578
1.0331	29.1367
1.0332	28.9436
1.0333	28.8059
1.0334	28.745
1.0335	28.7709
1.03359	28.8781
1.03369	29.0479
1.03379	29.2532
1.0339	29.4651
1.034	29.6579
1.0341	29.8113
1.0342	29.9114
1.0343	29.9504
1.0344	29.926
1.0345	29.8417
1.0346	29.7062
1.0347	29.534
1.0348	29.3451
1.03489	29.1638
1.03499	29.0158
1.03509	28.9241
1.0352	28.9035
1.0353	28.9562
1.0354	29.0717
1.0355	29.2298
1.0356	29.4059
1.0357	29.5762
1.0358	29.7207
1.0359	29.8253
1.036	29.8819
1.0361	29.8887
1.03619	29.8494
1.03629	29.7738
1.03639	29.6768
1.0365	29.5777
1.0366	29.4981
1.0367	29.4584
1.0368	29.4736
1.0369	29.5497
1.037	29.6815
1.0371	29.8548
1.0372	30.049
1.0373	30.242
1.0374	30.4134
1.03749	30.5463
1.03759	30.6284
1.03769	30.6521
1.0378	30.6143
1.0379	30.5163
1.038	30.3639
1.0381	30.168
1.0382	29.9448
1.0383	29.715
1.0384	29.5028
1.0385	29.3319
1.0386	29.222
1.0387	29.1831
1.03879	29.2133
1.03889	29.2993
1.03899	29.4204
1.0391	29.5535
1.0392	29.6776
1.0393	29.7762
1.0394	29.8393
1.0395	29.8628
1.0396	29.8493
1.0397	29.8072
1.0398	29.7508
1.0399	29.6983
1.04	29.67
1.04009	29.6843
1.04019	29.7541
1.04029	29.883
1.0404	30.065
1.0405	30.2851
1.0406	30.5236
1.0407	30.7594
1.0408	30.9736
1.0409	31.1508
1.041	31.2796
1.0411	31.353
1.0412	31.3679
1.0413	31.3252
1.04139	31.2294
1.04149	31.0887
1.04159	30.9149
1.0417	30.7231
1.0418	30.5308
1.0419	30.3558
1.042	30.2135
1.0421	30.114
1.0422	30.0596
1.0423	30.0446
1.0424	30.0565
1.0425	30.0788
1.0426	30.0945
1.04269	30.0885
1.04279	30.0497
1.04289	29.9719
1.043	29.8547
1.0431	29.7041
1.0432	29.5326
1.0433	29.359
1.0434	29.2076
1.0435	29.1039
1.0436	29.0701
1.0437	29.1188
1.0438	29.249
1.0439	29.4465
1.04399	29.6877
1.04409	29.9456
1.04419	30.1945
1.0443	30.4136
1.0444	30.5875
1.0445	30.7064
1.0446	30.766
1.0447	30.7661
1.0448	30.7112
1.0449	30.6098
1.045	30.4745
1.0451	30.3213
1.0452	30.1685
1.04529	30.0345
1.04539	29.9351
1.04549	29.8798
1.0456	29.87
1.0457	29.8987
1.0458	29.9518
1.0459	30.0115
1.046	30.0598
1.0461	30.0804
1.0462	30.0611
1.0463	29.9941
1.0464	29.877
1.0465	29.7131
1.04659	29.5119
1.04669	29.2897
1.04679	29.0688
1.0469	28.8763
1.047	28.7395
1.0471	28.6798
1.0472	28.7068
1.0473	28.8151
1.0474	28.9855
1.0475	29.1911
1.0476	29.4029
1.0477	29.5953
1.0478	29.7481
1.04789	29.8474
1.04799	29.8855
1.04809	29.8603
1.0482	29.7751
1.0483	29.639
1.0484	29.4665
1.0485	29.2776
1.0486	29.0965
1.0487	28.9491
1.0488	28.8584
1.0489	28.8388
1.049	28.8924
1.0491	29.0086
1.04919	29.1672
1.04929	29.3434
1.04939	29.5134
1.0495	29.6574
1.0496	29.7614
1.0497	29.8174
1.0498	29.8235
1.0499	29.7836
1.05	29.7076
1.0501	29.6105
1.0502	29.5115
1.0503	29.4322
1.0504	29.3932
1.05049	29.4093
1.05059	29.4862
1.05069	29.6187
1.0508	29.7924
1.0509	29.9867
1.051	30.1796
1.0511	30.3505
1.0512	30.4828
1.0513	30.5642
1.0514	30.587
1.0515	30.5484
1.0516	30.4496
1.0517	30.2965
1.05179	30.1001
1.05189	29.8766
1.05199	29.647
1.0521	29.4351
1.0522	29.265
1.0523	29.156
1.0524	29.1181
1.0525	29.1492
1.0526	29.2358
1.0527	29.3572
1.0528	29.4904
1.0529	29.6142
1.053	29.7124
1.05309	29.7749
1.05319	29.7979
1.05329	29.7839
1.0534	29.7416
1.0535	29.685
1.0536	29.6327
1.0537	29.6049
1.0538	29.62
1.0539	29.6905
1.054	29.8202
1.0541	30.0029
1.0542	30.2234
1.0543	30.462
1.05439	30.6976
1.05449	30.9114
1.05459	31.088
1.0547	31.2161
1.0548	31.2886
1.0549	31.3028
1.055	31.2593
1.0551	31.1629
1.0552	31.0216
1.0553	30.8474
1.0554	30.6555
1.0555	30.4633
1.0556	30.2887
1.05569	30.1469
1.05579	30.048
1.05589	29.9942
1.056	29.9797
1.0561	29.9918
1.0562	30.0142
1.0563	30.0297
1.0564	30.0233
1.0565	29.984
1.0566	29.9056
1.0567	29.788
1.0568	29.637
1.0569	29.4653
1.05699	29.2919
1.05709	29.1409
1.05719	29.038
1.0573	29.0053
1.0574	29.0551
1.0575	29.1864
1.0576	29.3846
1.0577	29.6263
1.0578	29.8842
1.0579	30.1329
1.058	30.3514
1.0581	30.5246
1.0582	30.6428
1.05829	30.7015
1.05839	30.7008
1.05849	30.6452
1.0586	30.5433
1.0587	30.4076
1.0588	30.2543
1.0589	30.1016
1.059	29.968
1.0591	29.8691
1.0592	29.8144
1.0593	29.8053
1.0594	29.8344
1.0595	29.8877
1.05959	29.9474
1.05969	29.9954
1.05979	30.0156
1.0599	29.9957
1.06	29.928
1.0601	29.8102
1.0602	29.6457
1.0603	29.4441
1.0604	29.2217
1.0605	29.0011
1.0606	28.8091
1.0607	28.6732
1.0608	28.6147
1.06089	28.6429
1.06099	28.7522
1.06109	28.9233
1.0612	29.1292
1.0613	29.3409
1.0614	29.5329
1.0615	29.685
1.0616	29.7835
1.0617	29.8207
1.0618	29.7946
1.0619	29.7087
1.062	29.572
1.0621	29.3991
1.06219	29.2101
1.06229	29.0293
1.06239	28.8826
1.0625	28.7927
1.0626	28.7742
1.06269	28.8288
1.0628	28.9457
1.0629	29.1047
1.063	29.281
1.0631	29.4508
1.0632	29.5943
1.0633	29.6977
1.0634	29.753
1.06349	29.7584
1.06359	29.718
1.06369	29.6416
1.0638	29.5442
1.0639	29.4453
1.064	29.3665
1.0641	29.3282
1.0642	29.3451
1.0643	29.4228
1.0644	29.556
1.0645	29.7301
1.0646	29.9246
1.0647	30.1173
1.06479	30.2878
1.06489	30.4195
1.06499	30.5001
1.0651	30.5221
1.0652	30.4826
1.0653	30.383
1.0654	30.2292
1.0655	30.0324
1.0656	29.8087
1.0657	29.5791
1.0658	29.3676
1.0659	29.1983
1.066	29.0902
1.06609	29.0533
1.06619	29.0852
1.06629	29.1724
1.0664	29.2942
1.0665	29.4273
1.0666	29.5509
1.0667	29.6487
1.0668	29.7107
1.0669	29.7332
1.067	29.7187
1.0671	29.676
1.0672	29.6194
1.0673	29.5673
1.06739	29.54
1.06749	29.5557
1.06759	29.6271
1.0677	29.7576
1.0678	29.9409
1.0679	30.1618
1.068	30.4004
1.0681	30.6359
1.0682	30.8493
1.0683	31.0253
1.0684	31.1526
1.0685	31.2244
1.0686	31.2378
1.06869	31.1936
1.06879	31.0964
1.06889	30.9546
1.069	30.7801
1.0691	30.588
1.0692	30.396
1.0693	30.2217
1.0694	30.0805
1.0695	29.9822
1.0696	29.929
1.0697	29.9149
1.0698	29.9273
1.0699	29.9497
1.06999	29.965
1.07009	29.9583
1.07019	29.9184
1.0703	29.8395
1.0704	29.7213
1.0705	29.5699
1.0706	29.3981
1.0707	29.2248
1.0708	29.0743
1.0709	28.9722
1.071	28.9406
1.0711	28.9916
1.0712	29.1239
1.07129	29.3229
1.07139	29.565
1.07149	29.8229
1.0716	30.0713
1.0717	30.2893
1.07179	30.4618
1.0719	30.5792
1.072	30.6371
1.0721	30.6356
1.0722	30.5793
1.0723	30.4769
1.0724	30.3408
1.0725	30.1873
1.07259	30.0348
1.07269	29.9016
1.07279	29.8033
1.0729	29.7493
1.073	29.7407
1.0731	29.7702
1.0732	29.8238
1.0733	29.8834
1.0734	29.9311
1.0735	29.9509
1.0736	29.9303
1.0737	29.8619
1.0738	29.7435
1.07389	29.5784
1.07399	29.3764
1.07409	29.1539
1.0742	28.9334
1.0743	28.7421
1.0744	28.6071
1.0745	28.5497
1.0746	28.5792
1.0747	28.6894
1.0748	28.8612
1.0749	29.0673
1.075	29.279
1.0751	29.4705
1.07519	29.622
1.07529	29.7197
1.07539	29.756
1.0755	29.7291
1.0756	29.6424
1.0757	29.5051
1.0758	29.3318
1.0759	29.1428
1.076	28.9623
1.0761	28.8162
1.0762	28.7273
1.0763	28.7097
1.0764	28.7653
1.07649	28.883
1.07659	29.0423
1.07669	29.2187
1.0768	29.3882
1.0769	29.5313
1.077	29.634
1.0771	29.6887
1.0772	29.6934
1.0773	29.6524
1.0774	29.5756
1.0775	29.4781
1.0776	29.3794
1.07766	29.301
1.07775	29.2633
1.07785	29.281
1.07795	29.3595
1.07805	29.4935
1.07815	29.668
1.07825	29.8626
1.07835	30.0551
1.07845	30.2252
1.07855	30.3562
1.07865	30.4361
1.07875	30.4573
1.07885	30.4169
1.07895	30.3165
1.07905	30.1621
1.07915	29.9647
1.07925	29.7408
1.07935	29.5113
1.07945	29.3003
1.07955	29.1316
1.07965	29.0245
1.07975	28.9886
1.07985	29.0214
1.07995	29.1092
1.08005	29.2313
1.08015	29.3645
1.08025	29.4878
1.08035	29.5851
1.08045	29.6466
1.08055	29.6685
1.08065	29.6536
1.08075	29.6106
1.08085	29.554
1.08095	29.5021
1.08105	29.4752
1.08115	29.4916
1.08125	29.5638
1.08135	29.6951
1.08145	29.879
1.08155	30.1003
1.08165	30.3391
1.08175	30.5744
1.08185	30.7873
1.08195	30.9627
1.08205	31.0893
1.08215	31.1603
1.08225	31.1729
1.08235	31.1279
1.08245	31.0301
1.08255	30.8878
1.08265	30.7129
1.08275	30.5207
1.08285	30.3288
1.08295	30.1549
1.08305	30.0142
1.08315	29.9165
1.08325	29.8639
1.08335	29.8503
1.08345	29.8629
1.08355	29.8853
1.08365	29.9004
1.08375	29.8933
1.08385	29.853
1.08395	29.7735
1.08405	29.6548
1.08415	29.503
1.08425	29.331
1.08435	29.1579
1.08445	29.0079
1.08455	28.9067
1.08465	28.8761
1.08475	28.9282
1.08485	29.0616
1.08495	29.2614
1.08505	29.5038
1.08515	29.7618
1.08525	30.0099
1.08535	30.2274
1.08545	30.3992
1.0855	30.4598
1.08555	30.5158
1.08565	30.5728
1.08575	30.5706
1.08585	30.5136
1.08595	30.4106
1.08605	30.2742
1.08615	30.1206
1.08625	29.9682
1.08635	29.8354
1.08645	29.7376
1.08655	29.6842
1.08665	29.6762
1.08675	29.7062
1.08685	29.76
1.08695	29.8196
1.08705	29.867
1.08715	29.8863
1.08725	29.8651
1.08735	29.796
1.08745	29.6769
1.08755	29.5112
1.08765	29.3088
1.08775	29.0862
1.08785	28.8659
1.08795	28.6752
1.08805	28.5411
1.08815	28.4849
1.08825	28.5156
1.08835	28.6268
1.08845	28.7993
1.08855	29.0057
1.08865	29.2172
1.08875	29.4083
1.08885	29.5591
1.08895	29.656
1.08905	29.6915
1.08915	29.6637
1.08925	29.5763
1.08935	29.4384
1.08945	29.2647
1.08955	29.0756
1.08965	28.8954
1.08975	28.75
1.08985	28.6619
1.08995	28.6454
1.09005	28.7019
1.09015	28.8203
1.09025	28.9801
1.09035	29.1565
1.09045	29.3258
1.09055	29.4684
1.09065	29.5706
1.09075	29.6245
1.09085	29.6285
1.09095	29.587
1.09105	29.5098
1.09115	29.4121
1.09125	29.3135
1.09135	29.2356
1.09145	29.1986
1.09155	29.2171
1.09165	29.2965
1.09175	29.431
1.09185	29.606
1.09195	29.8007
1.09205	29.9931
1.09215	30.1627
1.09225	30.2931
1.09235	30.3722
1.09245	30.3926
1.09255	30.3514
1.09265	30.2502
1.09275	30.0951
1.09285	29.8972
1.09295	29.6731
1.09305	29.4437
1.09315	29.2331
1.09325	29.0652
1.09335	28.959
1.09345	28.924
1.09355	28.9577
1.09365	29.0462
1.09375	29.1686
1.09385	29.3017
1.09395	29.4247
1.09405	29.5217
1.09415	29.5826
1.09425	29.604
1.09435	29.5886
1.09445	29.5454
1.09455	29.4886
1.09465	29.4369
1.09475	29.4105
1.09485	29.4277
1.09495	29.5006
1.09505	29.6328
1.09515	29.8173
1.09525	30.039
1.09535	30.2778
1.09545	30.5129
1.09555	30.7255
1.09565	30.9003
1.09575	31.0262
1.09585	31.0964
1.09595	31.1081
1.09605	31.0624
1.09615	30.9639
1.09625	30.821
1.09635	30.6458
1.09645	30.4535
1.09655	30.2617
1.09665	30.0882
1.09675	29.948
1.09685	29.851
1.09695	29.7989
1.09705	29.7858
1.09715	29.7987
1.09725	29.8211
1.09735	29.836
1.09745	29.8285
1.09755	29.7876
1.09765	29.7076
1.09775	29.5884
1.09785	29.4363
1.0979	29.3589
1.09795	29.2641
1.09805	29.0911
1.09815	28.9416
1.09825	28.8412
1.09835	28.8117
1.09845	28.865
1.09855	28.9994
1.09865	29.2
1.09875	29.4428
1.09885	29.7009
1.09895	29.9487
1.09905	30.1656
1.09915	30.3367
1.0992	30.3969
1.09925	30.4525
1.09935	30.5087
1.09945	30.5057
1.09955	30.448
1.09965	30.3444
1.09975	30.2076
1.09985	30.054
1.09995	29.9017
1.10005	17.1461
1.10015	19.0011
1.10025	20.5718
1.10037	21.7978
1.10047	22.7029
1.10055	23.3197
1.10065	23.6733
1.1007	23.752
1.10075	23.7794
1.1009	23.6444
1.101	23.2666
1.10106	22.638
1.10115	21.7475
1.10125	20.5927
1.10135	19.2145
1.10145	17.7911
1.10156	16.7825
1.10165	16.7766
1.1017	17.1378
1.10175	17.7667
1.10185	19.1613
1.10195	20.5047
1.1021	21.6216
1.10215	22.4714
1.1022	22.7712
1.1023	23.056
1.1024	23.3852
1.1025	23.4654
1.10259	23.2958
1.10267	22.8667
1.10275	22.158
1.10285	21.1386
1.10295	19.7706
1.10306	18.038
1.10315	16.0776
1.10325	14.5662
1.1033	14.3808
1.10335	14.7101
1.10345	16.3752
1.1035	17.2925
1.10356	18.3495
1.10365	20.0586
1.10375	21.4024
1.1039	22.4044
1.10399	23.1027
1.1041	23.5279
1.1042	23.6992
1.1043	23.6261
1.10437	23.3094
1.10445	22.7427
1.10455	21.915
1.10465	20.8202
1.10475	19.4845
1.10486	18.0438
1.10496	16.8911
1.10505	16.6413
1.10515	17.4669
1.1052	18.0641
1.10525	18.8338
1.1053	19.4849
1.10536	20.2195
1.10546	21.3994
1.1056	22.3149
1.1057	22.9635
1.1058	23.3552
1.1059	23.4981
1.10598	23.3935
1.10605	23.0347
1.10615	22.4048
1.10625	21.4769
1.10635	20.2159
1.10645	18.5981
1.10655	16.7006
1.10666	14.9997
1.10676	14.622
1.10685	15.943
1.10695	17.871
1.107	18.7193
1.10705	19.6399
1.1071	20.3352
1.10716	21.0618
1.10726	22.1378
1.1074	22.9028
1.1075	23.3881
1.1076	23.615
1.10769	23.5941
1.10779	23.3271
1.10785	22.8074
1.10795	22.0219
1.10805	20.9567
1.10816	19.6175
1.10825	18.093
1.10835	16.7118
1.10845	16.1451
1.1085	16.3073
1.10855	16.8061
1.1086	17.4024
1.10866	18.2086
1.10875	19.7044
1.1089	20.9981
1.10895	22.014
1.10905	22.7497
1.10919	23.2192
1.10929	23.4345
1.10939	23.4008
1.10949	23.1148
1.1096	22.5641
1.10968	21.7264
1.10975	20.5722
1.10985	19.0798
1.10996	17.302
1.11006	15.5893
1.11018	14.8833
1.11025	15.8262
1.1103	16.6075
1.11035	17.6144
1.11046	19.3843
1.11056	20.8517
1.1107	21.9836
1.11075	22.8055
1.11089	23.347
1.11099	23.6296
1.11109	23.6656
1.1112	23.4581
1.1113	23.0021
1.11136	22.2857
1.11145	21.2943
1.11155	20.0245
1.11165	18.5315
1.11176	17.0568
1.11186	16.191
1.11195	16.5202
1.11205	17.7832
1.1121	18.474
1.11215	19.2873
1.11226	20.6416
1.1124	21.7285
1.11249	22.5331
1.11259	23.0672
1.11269	23.3436
1.11279	23.3692
1.11289	23.1425
1.11297	22.6528
1.11305	21.8793
1.11315	20.7921
1.11325	19.3617
1.11335	17.6078
1.11346	15.78
1.11356	14.7226
1.11365	15.3571
1.1137	16.0946
1.11375	17.108
1.11385	18.9606
1.1139	19.7198
1.11396	20.5265
1.11406	21.748
1.11415	22.6489
1.1143	23.2619
1.11439	23.6121
1.11449	23.7149
1.1146	23.5765
1.11469	23.1954
1.1148	22.5633
1.11485	21.6691
1.11495	20.5108
1.11506	19.1303
1.11515	17.7087
1.1153	16.7103
1.11535	16.7202
1.1154	17.0871
1.11545	17.7201
1.1155	18.345
1.11556	19.1164
1.11565	20.4574
1.1158	21.5708
1.11585	22.4169
1.11599	22.9979
1.11609	23.3237
1.1162	23.4005
1.1163	23.2275
1.11637	22.7947
1.11645	22.082
1.11655	21.058
1.11665	19.685
1.11676	17.9477
1.11685	15.987
1.11695	14.4904
1.117	14.3176
1.11705	14.6611
1.11715	16.3381
1.1172	17.2556
1.11726	18.311
1.11735	20.0152
1.11745	21.3541
1.1176	22.3516
1.11769	23.046
1.1178	23.4676
1.1179	23.6355
1.118	23.5592
1.11807	23.2391
1.11815	22.6688
1.11825	21.8375
1.11835	20.7392
1.11845	19.4007
1.11856	17.9605
1.11866	16.816
1.11875	16.5817
1.11885	17.4192
1.11895	18.7892
1.119	19.4398
1.11906	20.173
1.11916	21.3495
1.1193	22.2613
1.1194	22.9063
1.1195	23.2946
1.1196	23.4341
1.1197	23.3261
1.11978	22.9637
1.11985	22.3299
1.11995	21.3977
1.12005	20.1319
1.12015	18.5093
1.12025	16.6098
1.12036	14.9184
1.12046	14.5659
1.12055	15.9037
1.12065	17.8329
1.1207	18.6795
1.12075	19.5976
1.1208	20.2906
1.12086	21.0145
1.12096	22.086
1.1211	22.847
1.1212	23.3287
1.1213	23.5521
1.12139	23.5279
1.12149	23.2575
1.12155	22.7343
1.12165	21.945
1.12175	20.8759
1.12186	19.5332
1.12195	18.0077
1.12205	16.6325
1.12215	16.0817
1.1222	16.2519
1.12225	16.7579
1.1223	17.3576
1.12236	18.1653
1.12245	19.6596
1.1226	20.9497
1.12265	21.9617
1.12275	22.6937
1.12289	23.1596
1.12299	23.3715
1.12309	23.3344
1.12319	23.0449
1.1233	22.4904
1.12338	21.6486
1.12345	20.4898
1.12355	18.9929
1.12366	17.2125
1.12376	15.5059
1.12388	14.8213
1.12395	15.7834
1.124	16.5682
1.12405	17.5757
1.12416	19.3425
1.12426	20.8052
1.1244	21.9327
1.12445	22.7506
1.12459	23.2884
1.12469	23.5676
1.12479	23.6002
1.1249	23.3893
1.125	22.9299
1.12506	22.2098
1.12515	21.2146
1.12525	19.9411
1.12535	18.4461
1.12546	16.9749
1.12556	16.1227
1.12565	16.4686
1.12575	17.7394
1.1258	18.4306
1.12585	19.2431
1.12596	20.5942
1.1261	21.6772
1.12619	22.4781
1.12629	23.0085
1.12639	23.2815
1.12649	23.3036
1.12659	23.0734
1.12667	22.58
1.12675	21.8025
1.12685	20.7107
1.12695	19.2755
1.12705	17.518
1.12716	15.6934
1.12726	14.655
1.12735	15.3122
1.1274	16.0549
1.12745	17.07
1.12755	18.9201
1.1276	19.6773
1.12766	20.4814
1.12776	21.6983
1.12785	22.595
1.128	23.2043
1.12809	23.551
1.12819	23.6505
1.1283	23.5088
1.12839	23.1243
1.1285	22.4886
1.12855	21.5909
1.12865	20.429
1.12876	19.0463
1.12885	17.6266
1.129	16.6385
1.12905	16.6641
1.1291	17.0367
1.12915	17.6739
1.1292	18.3002
1.12926	19.0716
1.12935	20.4103
1.1295	21.5201
1.12955	22.3625
1.12969	22.9399
1.12979	23.2623
1.1299	23.3357
1.13	23.1592
1.13007	22.7227
1.13015	22.006
1.13025	20.9775
1.13035	19.5995
1.13046	17.8575
1.13055	15.8967
1.13065	14.4151
1.1307	14.2549
1.13075	14.6126
1.13085	16.3012
1.1309	17.2188
1.13096	18.2725
1.13105	19.9719
1.13115	21.3058
1.1313	22.299
1.13139	22.9895
1.1315	23.4075
1.1316	23.572
1.1317	23.4923
1.13177	23.1689
1.13185	22.5951
1.13195	21.7602
1.13205	20.6582
1.13215	19.317
1.13226	17.8774
1.13236	16.7412
1.13245	16.5225
1.13255	17.3718
1.13265	18.7448
1.1327	19.3949
1.13276	20.1267
1.13286	21.2997
1.133	22.2078
1.1331	22.8492
1.1332	23.2341
1.1333	23.3702
1.1334	23.2588
1.13348	22.8928
1.13355	22.2552
1.13365	21.3186
1.13375	20.048
1.13385	18.4206
1.13395	16.5192
1.13406	14.8376
1.13416	14.5104
1.13425	15.8647
1.13435	17.7949
1.1344	18.6399
1.13445	19.5553
1.1345	20.2461
1.13456	20.9674
1.13466	22.0344
1.1348	22.7914
1.1349	23.2694
1.135	23.4894
1.13509	23.4618
1.13519	23.188
1.13525	22.6612
1.13535	21.8682
1.13545	20.7953
1.13556	19.4491
1.13565	17.9226
1.13575	16.5536
1.1358	16.1617
1.13585	16.0188
1.13595	16.7099
1.136	17.313
1.13606	18.1222
1.13615	19.6149
1.13625	20.9014
1.1364	21.9095
1.13649	22.6378
1.1366	23.1002
1.1367	23.3086
1.13679	23.2681
1.13687	22.9751
1.13695	22.4168
1.13705	21.5708
1.13715	20.4076
1.13725	18.906
1.13736	17.1231
1.13746	15.4228
1.13755	14.7597
1.13765	15.741
1.1377	16.5291
1.13775	17.5372
1.13786	19.3007
1.13796	20.7589
1.1381	21.8819
1.13815	22.6958
1.1382	22.9734
1.1383	23.2299
1.1384	23.5056
1.1385	23.5349
1.1386	23.3207
1.13866	22.8578
1.13875	22.1341
1.13885	21.1349
1.13895	19.8578
1.13905	18.3609
1.13916	16.8932
1.13925	16.0548
1.1393	16.066
1.13935	16.4174
1.13945	17.6957
1.1395	18.3874
1.13955	19.1991
1.13966	20.547
1.13975	21.6261
1.1398	22.0252
1.1399	22.4231
1.14	22.95
1.1401	23.2194
1.14019	23.2381
1.14029	23.0045
1.14036	22.5073
1.14045	21.7257
1.14055	20.6294
1.14065	19.1894
1.14075	17.4283
1.14086	15.6071
1.14096	14.5879
1.14105	15.2677
1.1411	16.0153
1.14115	17.0323
1.14125	18.8798
1.1413	19.6349
1.14136	20.4364
1.14146	21.6486
1.14155	22.5413
1.1417	23.1468
1.14179	23.49
1.14189	23.5862
1.142	23.4412
1.14209	23.0533
1.1422	22.4142
1.14225	21.5128
1.14235	20.3474
1.14246	18.9624
1.14255	17.5447
1.1427	16.5671
1.14275	16.6084
1.1428	16.9866
1.14285	17.6278
1.1429	18.2556
1.14296	19.027
1.14305	20.3632
1.1432	21.4694
1.14325	22.3082
1.14339	22.8821
1.14349	23.201
1.1436	23.271
1.1437	23.091
1.14377	22.6509
1.14385	21.9301
1.14395	20.8971
1.14405	19.514
1.14416	17.7674
1.14425	15.8066
1.14435	14.3404
1.1444	14.1928
1.14445	14.5646
1.14455	16.2645
1.1446	17.1822
1.14466	18.2342
1.14475	19.9286
1.14485	21.2577
1.145	22.2464
1.14509	22.9331
1.1452	23.3475
1.1453	23.5086
1.1454	23.4256
1.14547	23.0988
1.14555	22.5215
1.14565	21.6829
1.14575	20.5774
1.14585	19.2334
1.14596	17.7946
1.14606	16.6668
1.14615	16.4637
1.14625	17.3246
1.14635	18.7005
1.1464	19.35
1.14646	20.0805
1.14656	21.25
1.1467	22.1544
1.1468	22.7923
1.1469	23.1737
1.147	23.3064
1.1471	23.1916
1.14718	22.822
1.14725	22.1805
1.14735	21.2396
1.14745	19.9642
1.14755	18.3321
1.14765	16.4289
1.14776	14.7572
1.14786	14.4554
1.14795	15.826
1.14805	17.7571
1.1481	18.6003
1.14815	19.5132
1.1482	20.2017
1.14826	20.9204
1.14836	21.9829
1.1485	22.7358
1.1486	23.2102
1.1487	23.4267
1.14879	23.3958
1.14889	23.1186
1.14895	22.5883
1.14905	21.7915
1.14915	20.7147
1.14926	19.3651
1.14935	17.8377
1.14945	16.475
1.1495	16.0896
1.14955	15.9563
1.14965	16.6623
1.1497	17.2687
1.14976	18.0792
1.14985	19.5704
1.14995	20.8533
1.1501	21.8575
1.15019	22.582
1.1503	23.0409
1.1504	23.2459
1.15049	23.2019
1.15057	22.9054
1.15065	22.3434
1.15075	21.4933
1.15085	20.3254
1.15095	18.8193
1.15106	17.034
1.15116	15.3401
1.15125	14.6987
1.15135	15.6989
1.1514	16.4902
1.15145	17.4989
1.15156	19.2591
1.15166	20.7126
1.1518	21.8312
1.15185	22.641
1.1519	22.9169
1.152	23.1715
1.1521	23.4438
1.1522	23.4698
1.1523	23.2522
1.15236	22.7858
1.15245	22.0584
1.15255	21.0554
1.15265	19.7747
1.15275	18.2758
1.15286	16.8119
1.15295	15.9872
1.153	16.0067
1.15305	16.3665
1.15315	17.6522
1.1532	18.3444
1.15325	19.1553
1.15336	20.4998
1.15345	21.575
1.1535	21.9725
1.1536	22.3683
1.1537	22.8915
1.1538	23.1575
1.15389	23.1728
1.15399	22.9356
1.15406	22.4348
1.15415	21.649
1.15425	20.5482
1.15435	19.1035
1.15445	17.3388
1.15456	15.5211
1.15466	14.5213
1.15475	15.2236
1.1548	15.9761
1.15485	16.9947
1.15495	18.8396
1.155	19.5926
1.15506	20.3915
1.15516	21.5991
1.15525	22.4876
1.1554	23.0894
1.15547	23.4292
1.15551	23.522
1.1753	14.3469
1.1754	15.7494
1.1755	17.6818
1.17552	19.4293
1.1956	17.0713
1.1957	15.2651
1.1958	14.3247
1.19582	15.0936
1.19632	22.3274
1.4033	24.7863
1.4034	24.5758
1.4035	24.6064
1.4036	24.8711
1.40367	25.3014
1.40371	25.8049
1.4041	27.0543
1.40417	27.2589
1.4043	27.3324
1.4044	27.2726
1.4045	27.0832
1.4046	26.7748
1.40465	26.3687
1.40471	25.9019
1.40529	25.044
1.40539	25.4437
1.4055	25.928
1.4056	26.4164
1.40565	26.8496
1.40571	27.1905
1.4063	27.115
1.4064	26.7805
1.4065	26.3956
1.4066	26.0133
1.40666	25.7018
1.40671	25.5314
1.4073	26.9799
1.4074	27.3736
1.4075	27.6868
1.4076	27.8983
1.40764	27.9967
1.40771	27.9783
1.40829	26.4966
1.40839	26.1429
1.4085	25.9004
1.4086	25.8221
1.40865	25.9252
1.40879	26.1825
1.40881	26.536
1.4093	27.7673
1.4094	27.8585
1.40949	27.8356
1.4096	27.6991
1.40964	27.4566
1.40971	27.1248
1.4103	25.6554
1.4104	25.7782
1.4105	26.0637
1.4106	26.4498
1.41064	26.867
1.41071	27.2571
1.4113	27.805
1.4114	27.5778
1.4115	27.2545
1.4116	26.8602
1.41164	26.4351
1.41171	26.0362
1.41229	26.1746
1.41239	26.5566
1.4125	26.9244
1.4126	27.2309
1.41269	27.4448
1.41271	27.5472
1.4133	26.2791
1.4134	25.7712
1.4135	25.283
1.4136	24.8995
1.41365	24.7062
1.41371	24.751
1.41415	26.3666
1.41421	26.7533
1.4143	26.7673
1.4144	27.0353
1.4145	27.1942
1.4146	27.2211
1.41467	27.1137
1.41471	26.8761
1.41529	24.6714
1.41539	24.4657
1.4155	24.5059
1.4156	24.7793
1.41565	25.2132
1.41571	25.7135
1.416	26.6135
1.4161	26.9222
1.4163	27.157
1.4164	27.0723
1.4165	26.8562
1.41659	26.5202
1.41665	26.0871
1.4168	25.5971
1.4169	25.1134
1.417	24.7223
1.41701	24.5148
1.4173	24.8163
1.4174	25.2483
1.4175	25.7522
1.4176	26.2464
1.41765	26.6736
1.4178	26.9983
1.4179	27.2011
1.418	27.2728
1.41801	27.2112
1.41829	26.7102
1.41839	26.303
1.4185	25.8357
1.4186	25.367
1.41865	24.9774
1.41871	24.7539
1.4191	25.3903
1.41915	25.8752
1.4193	26.3631
1.4194	26.7953
1.4195	27.1348
1.4196	27.3609
1.41969	27.4641
1.41979	27.4425
1.41989	27.3008
1.42	27.0513
1.4201	26.7158
1.4202	26.3306
1.4203	25.9488
1.4204	25.6387
1.4205	25.4706
1.4206	25.4915
1.4207	25.7022
1.4208	26.0575
1.4209	26.4881
1.42099	26.9261
1.4211	27.3188
1.4212	27.6308
1.4213	27.8408
1.42139	27.9376
1.4215	27.9176
1.4216	27.7831
1.4217	27.5433
1.4218	27.2159
1.4219	26.8305
1.422	26.4317
1.4221	26.0791
1.4222	25.8385
1.42229	25.7627
1.4224	25.8682
1.4225	26.1273
1.42259	26.4816
1.4227	26.8652
1.4228	27.2224
1.4229	27.5125
1.423	27.7098
1.4231	27.7994
1.4232	27.7749
1.4233	27.6369
1.4234	27.393
1.4235	27.0602
1.42359	26.6679
1.42369	26.2616
1.42379	25.9033
1.4239	25.6627
1.424	25.5962
1.4241	25.7216
1.4242	26.0089
1.4243	26.3959
1.4244	26.8131
1.4245	27.2025
1.4246	27.5228
1.4247	27.7478
1.4248	27.8628
1.42489	27.8613
1.42499	27.743
1.4251	27.5145
1.4252	27.1899
1.42529	26.7949
1.4254	26.3698
1.4255	25.9717
1.4256	25.6692
1.4257	25.5247
1.4258	25.5689
1.4259	25.7858
1.426	26.1201
1.4261	26.5023
1.4262	26.8696
1.42629	27.175
1.42639	27.3875
1.42649	27.4883
1.4266	27.4673
1.4267	27.3215
1.4268	27.054
1.4269	26.6766
1.427	26.2128
1.4271	25.7047
1.4272	25.2173
1.4273	24.8359
1.4274	24.6456
1.4275	24.6937
1.42759	24.9625
1.42769	25.3797
1.42779	25.8555
1.4279	26.313
1.428	26.6984
1.42809	26.9789
1.4282	27.136
1.4283	27.161
1.4284	27.0518
1.4285	26.8125
1.4286	26.4546
1.4287	26.0018
1.4288	25.4957
1.42889	25.0015
1.42899	24.6076
1.42909	24.4051
1.4292	24.4487
1.4293	24.7249
1.42939	25.1603
1.4295	25.661
1.4296	26.1459
1.4297	26.559
1.4298	26.8661
1.4299	27.0484
1.43	27.0973
1.4301	27.0108
1.43019	26.7929
1.43029	26.4554
1.43039	26.0212
1.4305	25.5308
1.4306	25.0477
1.43069	24.6585
1.4308	24.4541
1.4309	24.4916
1.431	24.7619
1.4311	25.1955
1.4312	25.6997
1.4313	26.1934
1.4314	26.6193
1.4315	26.9425
1.4316	27.1435
1.43169	27.2134
1.43179	27.15
1.43189	26.9571
1.432	26.6457
1.4321	26.2374
1.4322	25.7697
1.4323	25.3015
1.4324	24.9136
1.4325	24.6929
1.4326	24.6995
1.4327	24.934
1.4328	25.3371
1.4329	25.8226
1.433	26.3101
1.43309	26.7413
1.43319	27.0793
1.43329	27.3037
1.4334	27.4052
1.4335	27.3819
1.4336	27.2387
1.4337	26.9878
1.43379	26.6514
1.4339	26.2658
1.434	25.8845
1.4341	25.5759
1.4342	25.4102
1.4343	25.4337
1.43439	25.6468
1.43449	26.0036
1.43459	26.4348
1.4347	26.8725
1.4348	27.2643
1.43489	27.575
1.43499	27.7835
1.4351	27.8788
1.4352	27.8571
1.4353	27.7211
1.4354	27.48
1.4355	27.1516
1.4356	26.7656
1.43569	26.367
1.43579	26.0155
1.43589	25.7769
1.436	25.7036
1.4361	25.8114
1.43619	26.0723
1.4363	26.4274
1.4364	26.8111
1.4365	27.1675
1.4366	27.4565
1.4367	27.6524
1.4368	27.7404
1.4369	27.7144
1.43699	27.5749
1.43709	27.3297
1.43719	26.9958
1.4373	26.6029
1.4374	26.1969
1.4375	25.8397
1.4376	25.6012
1.4377	25.5373
1.4378	25.6652
1.4379	25.9544
1.438	26.3422
1.4381	26.7594
1.4382	27.1481
1.43829	27.4672
1.43839	27.6908
1.43849	27.8043
1.4386	27.8011
1.4387	27.6813
1.4388	27.4513
1.43889	27.1256
1.439	26.7298
1.4391	26.3047
1.4392	25.9075
1.4393	25.6068
1.4394	25.4647
1.4395	25.5115
1.4396	25.7304
1.4397	26.0659
1.4398	26.4483
1.43989	26.815
1.43999	27.1193
1.44009	27.3304
1.4402	27.4295
1.4403	27.4069
1.4404	27.2593
1.4405	26.9903
1.4406	26.6114
1.4407	26.1468
1.4408	25.6384
1.4409	25.1519
1.441	24.7726
1.4411	24.5854
1.4412	24.6368
1.44129	24.9082
1.44139	25.3268
1.44149	25.8028
1.4416	26.2596
1.4417	26.6438
1.44179	26.9226
1.4419	27.078
1.442	27.1012
1.4421	26.9902
1.4422	26.7491
1.4423	26.3897
1.4424	25.9359
1.4425	25.4294
1.44259	24.936
1.44269	24.5441
1.44279	24.3447
1.4429	24.3917
1.443	24.6708
1.44309	25.1077
1.4432	25.6086
1.4433	26.0929
1.4434	26.5048
1.4435	26.8102
1.4436	26.9908
1.4437	27.0378
1.4438	26.9494
1.44389	26.7298
1.44399	26.3908
1.44409	25.9556
1.4442	25.4647
1.4443	24.9823
1.44439	24.5951
1.4445	24.3937
1.4446	24.4346
1.4447	24.7077
1.4448	25.1429
1.4449	25.6475
1.445	26.1406
1.4451	26.5653
1.4452	26.8869
1.4453	27.0862
1.44539	27.1543
1.44549	27.089
1.44559	26.8944
1.4457	26.5816
1.4458	26.1721
1.4459	25.7039
1.446	25.2363
1.4461	24.8501
1.4462	24.6322
1.4463	24.6421
1.4464	24.8794
1.4465	25.2843
1.4466	25.7702
1.4467	26.2573
1.44679	26.6874
1.44689	27.024
1.44699	27.2468
1.4471	27.3466
1.4472	27.3216
1.4473	27.1768
1.4474	26.9245
1.44749	26.5872
1.4476	26.2013
1.4477	25.8204
1.4478	25.5134
1.4479	25.35
1.448	25.3763
1.44809	25.5917
1.44819	25.9501
1.44829	26.3817
1.4484	26.8191
1.4485	27.2101
1.44859	27.5195
1.44869	27.7265
1.4488	27.8201
1.4489	27.7969
1.449	27.6594
1.4491	27.4169
1.4492	27.0875
1.4493	26.701
1.44939	26.3026
1.44949	25.9522
1.44959	25.7156
1.4497	25.6447
1.4498	25.755
1.44989	26.0176
1.45	26.3735
1.4501	26.7571
1.4502	27.1129
1.4503	27.4008
1.4504	27.5952
1.4505	27.6818
1.4506	27.6542
1.45069	27.5131
1.45079	27.2665
1.45089	26.9316
1.451	26.5383
1.4511	26.1324
1.4512	25.7764
1.4513	25.54
1.4514	25.4787
1.4515	25.6091
1.4516	25.9001
1.4517	26.2888
1.4518	26.706
1.4519	27.0939
1.45199	27.4119
1.45209	27.634
1.4522	27.7459
1.45229	27.7412
1.4524	27.6198
1.4525	27.3884
1.45259	27.0615
1.4527	26.665
1.4528	26.2398
1.4529	25.8435
1.453	25.5446
1.4531	25.405
1.4532	25.4544
1.45329	25.6753
1.4534	26.0119
1.45349	26.3945
1.4536	26.7606
1.4537	27.0638
1.4538	27.2735
1.4539	27.371
1.454	27.3467
1.4541	27.1974
1.4542	26.9268
1.4543	26.5465
1.4544	26.081
1.4545	25.5724
1.45459	25.0867
1.45469	24.7095
1.45479	24.5254
1.4549	24.5801
1.455	24.8541
1.4551	25.2741
1.4552	25.7503
1.45529	26.2064
1.4554	26.5893
1.4555	26.8666
1.4556	27.0202
1.4557	27.0415
1.4558	26.9287
1.45589	26.6859
1.45599	26.3251
1.45609	25.8702
1.4562	25.3634
1.4563	24.8707
1.4564	24.4809
1.4565	24.2846
1.45659	24.3351
1.4567	24.6169
1.4568	25.0554
1.4569	25.5566
1.457	26.0402
1.4571	26.4507
1.45719	26.7546
1.45729	26.9334
1.45739	26.9785
1.4575	26.8883
1.4576	26.667
1.4577	26.3265
1.4578	25.8901
1.45789	25.3989
1.458	24.9172
1.4581	24.5319
1.4582	24.3336
1.4583	24.3779
1.4584	24.6538
1.45849	25.0906
1.45859	25.5955
1.4587	26.088
1.4588	26.5115
1.4589	26.8315
1.45899	27.0291
1.4591	27.0953
1.4592	27.0283
1.4593	26.832
1.4594	26.5176
1.4595	26.1071
1.4596	25.6384
1.4597	25.1713
1.45979	24.7868
1.45989	24.5718
1.45999	24.585
1.4601	24.825
1.4602	25.2316
1.46029	25.7181
1.4604	26.2048
1.4605	26.6338
1.4606	26.9689
1.4607	27.1901
1.4608	27.2881
1.4609	27.2615
1.461	27.1151
1.4611	26.8615
1.4612	26.5232
1.46129	26.137
1.46139	25.7566
1.46149	25.4511
1.4616	25.2901
1.4617	25.3191
1.4618	25.5369
1.4619	25.8968
1.462	26.3289
1.4621	26.766
1.4622	27.156
1.4623	27.4642
1.4624	27.6697
1.4625	27.7617
1.46259	27.7369
1.46269	27.5978
1.46279	27.354
1.4629	27.0236
1.463	26.6366
1.4631	26.2385
1.4632	25.8892
1.4633	25.6545
1.4634	25.5861
1.4635	25.6988
1.4636	25.9631
1.4637	26.3198
1.4638	26.7034
1.46389	27.0585
1.46399	27.3453
1.46409	27.5383
1.4642	27.6233
1.4643	27.5941
1.4644	27.4516
1.4645	27.2036
1.4646	26.8677
1.4647	26.4738
1.4648	26.0682
1.4649	25.7134
1.465	25.479
1.4651	25.4203
1.46519	25.5533
1.46529	25.8461
1.46539	26.2356
1.4655	26.6528
1.46552	27.04
1.4856	24.2143
1.4857	24.2654
1.4858	24.5469
1.4859	24.9867
1.486	25.4923
1.4861	25.9836
1.48619	26.4046
1.4863	26.7214
1.4864	26.9155
1.4865	26.9781
1.4866	26.9074
1.4867	26.7077
1.4868	26.3903
1.4869	25.9776
1.48691	25.5081
1.48741	24.7172
