0.0336083	5.70091
0.0347083	5.68484
0.112312	14.3229
0.148296	14.1593
0.148337	14.0523
0.184296	13.8597
0.184396	13.7465
0.184462	13.6366
0.220296	8.13087
0.220396	8.18472
0.220496	8.23803
0.220512	8.28921
0.240587	8.37112
0.256296	8.2983
0.256396	8.34649
0.256496	8.38995
0.256512	8.42748
0.276587	8.29271
0.292296	8.43877
0.292396	8.47038
0.292496	8.49426
0.292542	8.50966
0.312596	10.2841
0.312696	10.2682
0.312796	10.2541
0.312833	10.2418
0.328296	10.0621
0.328396	10.0736
0.328496	10.0845
0.328558	10.0948
0.329058	10.1389
0.348596	10.2598
0.348696	10.2491
0.348796	10.2401
0.348858	10.2328
0.364296	10.1096
0.364396	10.1193
0.364496	10.1285
0.364583	10.1372
0.364608	10.1457
0.365083	10.1801
0.384696	10.2441
0.384796	10.2395
0.384896	10.2361
0.384983	10.2337
0.385008	10.232
0.400296	15.1144
0.400396	15.2126
0.400496	15.3107
0.400596	15.4072
0.400608	15.5007
0.420696	15.4249
0.420796	15.3555
0.420896	15.2866
0.420996	15.2196
0.421008	15.1557
0.436296	15.4099
0.436396	15.504
0.436496	15.5941
0.436596	15.6794
0.436654	15.7589
0.436708	15.8318
0.456796	15.181
0.456896	15.1206
0.456996	15.0655
0.457096	15.0167
0.457154	14.975
0.457208	14.9412
0.472296	15.6839
0.472396	15.7643
0.472496	15.8382
0.472596	15.9051
0.472696	15.9645
0.47275	16.0161
0.472808	16.0595
0.492896	14.9969
0.492996	14.962
0.493096	14.9354
0.493196	14.9174
0.493296	14.9083
0.49335	14.9077
0.493408	14.9153
0.508296	10.9036
0.508396	10.9002
0.508496	10.8917
0.508596	10.8781
0.508696	10.8598
0.508796	10.8372
0.508892	10.8106
0.508992	10.7807
0.509033	10.748
0.529096	11.2783
0.529196	11.2896
0.529296	11.3011
0.529396	11.312
0.529496	11.3219
0.529596	11.33
0.529692	11.3359
0.529796	11.3389
0.529833	11.3385
0.544296	10.8968
0.544396	10.8792
0.544496	10.8571
0.544596	10.8311
0.544696	10.8016
0.544796	10.7693
0.544892	10.7346
0.544992	10.6985
0.545092	10.6615
0.545196	10.6245
0.545287	10.5883
0.545308	10.5536
0.565396	11.3517
0.565496	11.3551
0.565596	11.3553
0.565696	11.3517
0.565796	11.344
0.565896	11.3317
0.565992	11.3147
0.566096	11.2926
0.566196	11.2654
0.566296	11.233
0.566387	11.1954
0.566408	11.1527
0.580296	10.8515
0.580396	10.8225
0.580496	10.7905
0.580596	10.7562
0.580696	10.7202
0.580796	10.6833
0.580892	10.6462
0.580992	10.6098
0.581092	10.5749
0.581196	10.5422
0.581296	10.5126
0.581396	10.4866
0.581496	10.4649
0.581596	10.4482
0.581696	10.4367
0.581708	10.4308
0.582096	10.4476
0.601796	10.9015
0.601896	10.8898
0.601996	10.8773
0.602096	10.864
0.602196	10.8501
0.602296	10.8356
0.602308	10.8207
0.616296	10.2784
0.616396	10.2792
0.616496	10.2804
0.616596	10.2821
0.616696	10.2842
0.616796	10.2867
0.616892	10.2896
0.616992	10.2929
0.617092	10.2965
0.617196	10.3004
0.617296	10.3045
0.617396	10.3087
0.617496	10.3129
0.617596	10.3171
0.617696	10.3213
0.617796	10.3252
0.617896	10.3289
0.617996	10.3323
0.618096	10.3353
0.618192	10.3378
0.618292	10.3398
0.618308	10.3412
0.618792	10.3409
0.638396	10.7928
0.638496	10.777
0.638596	10.7611
0.638696	10.7453
0.638796	10.7296
0.638896	10.7141
0.638992	10.6989
0.639096	10.684
0.639196	10.6694
0.639296	10.6552
0.639396	10.6414
0.639496	10.628
0.639521	10.615
0.640021	10.5556
0.652296	10.2984
0.652396	10.3004
0.652496	10.3029
0.652596	10.3057
0.652696	10.309
0.652796	10.3125
0.652892	10.3164
0.652992	10.3204
0.653092	10.3246
0.653196	10.3289
0.653296	10.3331
0.653396	10.3372
0.653496	10.3412
0.653596	10.345
0.653696	10.3484
0.653796	10.3514
0.653896	10.354
0.653996	10.3561
0.654096	10.3576
0.654192	10.3586
0.654292	10.3589
0.654392	10.3586
0.654496	10.3576
0.654596	10.356
0.654696	10.3538
0.654796	10.351
0.654896	10.3476
0.654996	10.3437
0.655096	10.3393
0.655196	10.3346
0.655296	10.3296
0.655396	10.3243
0.655479	10.319
0.655508	10.3136
0.675596	10.5966
0.675696	10.585
0.675796	10.5738
0.675896	10.5628
0.675996	10.5521
0.676096	10.5416
0.676192	10.5312
0.676279	10.5211
0.676308	10.511
0.688296	10.3219
0.688396	10.3251
0.688496	10.3286
0.688596	10.3324
0.688696	10.3364
0.688796	10.3406
0.688892	10.3448
0.688992	10.3491
0.689092	10.3532
0.689196	10.3573
0.689296	10.361
0.689396	10.3645
0.689496	10.3676
0.689596	10.3702
0.689696	10.3724
0.689796	10.374
0.689896	10.3751
0.689996	10.3755
0.690096	10.3753
0.690196	10.3744
0.690296	10.3729
0.690392	10.3708
0.690492	10.368
0.690592	10.3647
0.690696	10.3609
0.690796	10.3566
0.690896	10.3519
0.690996	10.3469
0.691096	10.3417
0.691196	10.3363
0.691296	10.331
0.691396	10.3257
0.691496	10.3206
0.691596	10.3158
0.691692	10.3113
0.691792	10.3074
0.691892	10.304
0.691996	10.3013
0.692096	10.2994
0.692196	10.2983
0.692296	10.2981
0.692396	10.2989
0.692496	10.3007
0.692596	10.3035
0.692696	10.3073
0.692796	10.3122
0.692837	10.3181
0.712896	13.5864
0.712996	13.7209
0.713096	13.8546
0.713196	13.9848
0.713296	14.1092
0.713333	14.2259
0.724296	13.8466
0.724396	13.7182
0.724496	13.59
0.724596	13.465
0.724696	13.3461
0.724796	13.2367
0.724892	13.1399
0.724992	13.0587
0.725092	12.996
0.725196	12.9538
0.725296	12.9339
0.725396	12.937
0.725496	12.9633
0.725596	13.0119
0.725696	13.0813
0.725796	13.1694
0.725896	13.2734
0.725996	13.3903
0.726096	13.517
0.726192	13.6502
0.726292	13.7869
0.726392	13.9241
0.726496	14.0591
0.726596	14.1896
0.726696	14.3133
0.726796	14.4286
0.726896	14.5337
0.726996	14.6275
0.727096	14.7087
0.727196	14.7766
0.727296	14.8305
0.727396	14.8697
0.727492	14.8941
0.727592	14.9032
0.727692	14.8971
0.727796	14.8758
0.727896	14.8395
0.727996	14.7885
0.728096	14.7233
0.728196	14.6446
0.728296	14.5532
0.728396	14.4501
0.728496	14.3367
0.728596	14.2144
0.728696	14.085
0.728792	13.9506
0.728892	13.8135
0.728992	13.6764
0.729096	13.5421
0.729196	13.4138
0.729292	13.2946
0.729396	13.1878
0.729496	13.0965
0.729596	13.0234
0.729696	12.9708
0.729796	12.9405
0.729887	12.9334
0.729908	12.9496
0.749996	14.7436
0.750096	14.7291
0.750196	14.6998
0.750296	14.656
0.750387	14.5983
0.750408	14.5273
0.754296	14.9175
0.754396	14.9225
0.754496	14.9122
0.754596	14.8868
0.754696	14.8463
0.754796	14.7912
0.754892	14.722
0.754992	14.6392
0.755096	14.5438
0.755196	14.4368
0.755287	14.3195
0.755396	14.1935
0.755496	14.0605
0.755596	13.9227
0.755696	13.7825
0.755787	13.6426
0.755896	13.5059
0.755996	13.3756
0.756096	13.2549
0.756192	13.1471
0.756292	13.0553
0.756392	12.9823
0.756496	12.9305
0.756596	12.9014
0.756696	12.8959
0.756796	12.9142
0.756896	12.9553
0.756996	13.0177
0.757096	13.0992
0.757196	13.197
0.757296	13.308
0.757396	13.4289
0.757496	13.5564
0.757592	13.6875
0.757692	13.819
0.757792	13.9484
0.757892	14.0731
0.757992	14.191
0.758096	14.3003
0.758196	14.3994
0.758296	14.487
0.758396	14.562
0.758496	14.6236
0.758596	14.6712
0.758696	14.7041
0.758796	14.7222
0.758892	14.7253
0.758992	14.7133
0.759092	14.6864
0.759196	14.6449
0.759296	14.5892
0.759396	14.52
0.759496	14.438
0.759592	14.3443
0.759696	14.2402
0.759796	14.1271
0.759896	14.0069
0.759996	13.8815
0.760096	13.7533
0.760192	13.6249
0.760292	13.4992
0.760392	13.3792
0.760492	13.2683
0.760592	13.1695
0.760692	13.0859
0.760796	13.0204
0.760896	12.9751
0.760996	12.952
0.761096	12.9518
0.761196	12.9748
0.761296	13.0203
0.761396	13.0869
0.761492	13.1724
0.761592	13.2743
0.761692	13.3896
0.761796	13.5151
0.761896	13.6476
0.761996	13.7839
0.762096	13.9212
0.762196	14.0567
0.762296	14.1879
0.762396	14.3128
0.762496	14.4293
0.762596	14.536
0.762696	14.6315
0.762792	14.7146
0.762892	14.7844
0.762992	14.8403
0.763008	14.8817
0.783096	13.0138
0.783196	12.9457
0.783296	12.8992
0.783396	12.8761
0.783496	12.877
0.783596	12.9017
0.783692	12.9494
0.783796	13.0181
0.783896	13.1056
0.783996	13.2089
0.784096	13.3249
0.784196	13.4502
0.784225	13.5815
0.785296	14.6609
0.785396	14.7081
0.785496	14.7408
0.785596	14.7585
0.785696	14.7611
0.785796	14.7488
0.785892	14.7216
0.785992	14.6798
0.786092	14.6241
0.786196	14.5549
0.786296	14.4732
0.786396	14.3801
0.786496	14.2767
0.786596	14.1647
0.786696	14.0458
0.786796	13.9221
0.786896	13.7959
0.786996	13.6699
0.787096	13.547
0.787192	13.4301
0.787292	13.3224
0.787392	13.227
0.787492	13.147
0.787596	13.0849
0.787696	13.043
0.787796	13.0229
0.787896	13.0253
0.787996	13.0504
0.788096	13.0975
0.788196	13.1649
0.788296	13.2506
0.788396	13.352
0.788492	13.4662
0.788592	13.59
0.788692	13.7203
0.788796	13.8541
0.788892	13.9884
0.788996	14.1206
0.789096	14.2483
0.789196	14.3694
0.789296	14.4821
0.789396	14.5849
0.789496	14.6763
0.789596	14.7553
0.789696	14.821
0.789792	14.8727
0.789892	14.9099
0.789992	14.9322
0.790096	14.9394
0.790196	14.9313
0.790296	14.908
0.790396	14.8697
0.790496	14.8167
0.790596	14.7494
0.790696	14.6685
0.790796	14.5748
0.790896	14.4694
0.790996	14.3535
0.791092	14.2286
0.791192	14.0965
0.791292	13.9593
0.791392	13.8193
0.791492	13.6791
0.791592	13.5418
0.791692	13.4103
0.791796	13.2881
0.791896	13.1782
0.791996	13.084
0.792096	13.0082
0.792196	12.9532
0.792296	12.9208
0.792392	12.9119
0.792492	12.9268
0.792592	12.9648
0.792696	13.0243
0.792796	13.1032
0.792896	13.1988
0.792992	13.3081
0.793096	13.4278
0.793196	13.5546
0.793296	13.6853
0.793396	13.817
0.793496	13.9468
0.793596	14.0723
0.793692	14.1913
0.793792	14.3019
0.793892	14.4026
0.793996	14.4919
0.794096	14.5688
0.794192	14.6323
0.794296	14.6819
0.794396	14.717
0.794496	14.7373
0.794596	14.7425
0.794696	14.7326
0.794796	14.7079
0.794896	14.6684
0.794992	14.6147
0.795092	14.5474
0.795196	14.4672
0.795296	14.3751
0.795396	14.2724
0.795492	14.1605
0.795596	14.0411
0.795696	13.9163
0.795796	13.7883
0.795896	13.6598
0.795996	13.5335
0.796096	13.4126
0.796196	13.3001
0.796292	13.1994
0.796392	13.1135
0.796492	13.0452
0.796592	12.997
0.796692	12.9706
0.796792	12.9671
0.796896	12.9868
0.796996	13.0291
0.797096	13.0928
0.797196	13.1758
0.797296	13.2756
0.797396	13.3891
0.797496	13.5133
0.797592	13.645
0.797692	13.781
0.797792	13.9183
0.797896	14.0542
0.797996	14.1862
0.798096	14.3121
0.798196	14.4299
0.798296	14.5381
0.798396	14.6353
0.798454	14.7202
0.798508	14.792
0.818508	15.4332
0.821296	16.5959
0.821396	16.6196
0.821496	16.6352
0.821596	16.6423
0.821696	16.6409
0.821796	16.6306
0.821892	16.6115
0.821992	16.5835
0.822092	16.5469
0.822196	16.5017
0.822296	16.4484
0.822396	16.3872
0.822496	16.3187
0.822596	16.2434
0.822696	16.1621
0.822796	16.0755
0.822896	15.9845
0.822996	15.8901
0.823096	15.7934
0.823192	15.6956
0.823292	15.5979
0.823392	15.5017
0.823496	15.4082
0.823596	15.3187
0.823696	15.2346
0.823796	15.157
0.823896	15.087
0.823996	15.0255
0.824096	14.9732
0.824196	14.9308
0.824296	14.8983
0.824396	14.8759
0.824492	14.8632
0.824592	14.8598
0.824692	14.865
0.824796	14.8777
0.824892	14.8971
0.824992	14.9218
0.825092	14.9507
0.825196	14.9825
0.825296	15.0159
0.825396	15.0497
0.825496	15.0827
0.825596	15.1139
0.825696	15.1423
0.825792	15.1671
0.825892	15.1876
0.825992	15.2031
0.826092	15.2133
0.826196	15.2177
0.826292	15.2163
0.826396	15.2091
0.826496	15.196
0.826596	15.1774
0.826696	15.1537
0.826796	15.1253
0.826896	15.093
0.826996	15.0575
0.827092	15.0198
0.827192	14.9808
0.827292	14.9417
0.827396	14.9037
0.827496	14.8679
0.827596	14.8358
0.827696	14.8084
0.827796	14.787
0.827896	14.7727
0.827996	14.7664
0.828096	14.7689
0.828196	14.7808
0.828296	14.8024
0.828392	14.8338
0.828492	14.8749
0.828592	14.9251
0.828696	14.9839
0.828796	15.0504
0.828896	15.1236
0.828996	15.2023
0.829096	15.2852
0.829196	15.3711
0.829296	15.4586
0.829396	15.5464
0.829496	15.6333
0.829596	15.718
0.829692	15.7994
0.829792	15.8765
0.829892	15.9483
0.829996	16.014
0.830096	16.0729
0.830196	16.1243
0.830296	16.1677
0.830396	16.2026
0.830496	16.2289
0.830596	16.2461
0.830696	16.2542
0.830796	16.2531
0.830896	16.2429
0.830992	16.2237
0.831092	16.1957
0.831192	16.1593
0.831296	16.1148
0.831396	16.0627
0.831496	16.0037
0.831596	15.9385
0.831696	15.8679
0.831796	15.7928
0.831896	15.7141
0.831996	15.6329
0.832096	15.5505
0.832196	15.468
0.832292	15.3866
0.832392	15.3076
0.832492	15.2322
0.832596	15.1616
0.832696	15.0969
0.832796	15.0391
0.832896	14.989
0.832996	14.9473
0.833096	14.9142
0.833196	14.89
0.833296	14.8746
0.833396	14.8678
0.833496	14.8689
0.833596	14.8772
0.833692	14.8918
0.833792	14.9117
0.833892	14.9357
0.833992	14.9626
0.834092	14.9912
0.834192	15.0201
0.834296	15.0483
0.834396	15.0746
0.834496	15.0979
0.834596	15.1173
0.834696	15.1318
0.834796	15.1408
0.834896	15.1436
0.834992	15.1397
0.835092	15.1286
0.835192	15.1103
0.835296	15.0845
0.835396	15.0512
0.835496	15.0107
0.835596	14.9632
0.835696	14.909
0.835796	14.8489
0.835896	14.7836
0.835996	14.7138
0.836096	14.6407
0.836196	14.5654
0.836292	14.4892
0.836392	14.4136
0.836492	14.34
0.836592	14.2699
0.836692	14.2051
0.836792	14.1469
0.836896	14.097
0.836992	14.0566
0.837092	14.0269
0.837146	14.0087
0.857296	16.6586
0.857396	16.6583
0.857496	16.6493
0.857596	16.6315
0.857696	16.6048
0.857796	16.5694
0.857892	16.5254
0.857992	16.4732
0.858096	16.4132
0.858196	16.3457
0.858292	16.2713
0.858396	16.1908
0.858496	16.1049
0.858592	16.0144
0.858696	15.9205
0.858796	15.824
0.858896	15.7263
0.858996	15.6286
0.859096	15.532
0.859192	15.438
0.859292	15.3479
0.859392	15.263
0.859496	15.1844
0.859596	15.1132
0.859696	15.0504
0.859796	14.9969
0.859896	14.953
0.859996	14.9191
0.860096	14.8952
0.860196	14.8812
0.860296	14.8765
0.860396	14.8805
0.860492	14.8922
0.860592	14.9107
0.860696	14.9347
0.860796	14.9631
0.860892	14.9946
0.860996	15.0278
0.861096	15.0616
0.861196	15.0948
0.861296	15.1263
0.861396	15.1552
0.861496	15.1806
0.861596	15.2017
0.861696	15.218
0.861792	15.2289
0.861892	15.2342
0.861992	15.2336
0.862092	15.2272
0.862192	15.215
0.862296	15.1971
0.862396	15.1741
0.862496	15.1464
0.862596	15.1146
0.862696	15.0795
0.862796	15.042
0.862896	15.0032
0.862996	14.964
0.863092	14.9257
0.863192	14.8896
0.863292	14.8568
0.863396	14.8287
0.863496	14.8064
0.863596	14.791
0.863696	14.7835
0.863796	14.7847
0.863896	14.7953
0.863996	14.8155
0.864096	14.8455
0.864196	14.8852
0.864296	14.9341
0.864392	14.9918
0.864496	15.0572
0.864592	15.1295
0.864696	15.2075
0.864796	15.2899
0.864896	15.3755
0.864996	15.4628
0.865096	15.5507
0.865196	15.6377
0.865296	15.7228
0.865396	15.8047
0.865496	15.8825
0.865596	15.9551
0.865692	16.0218
0.865792	16.0816
0.865892	16.1341
0.865996	16.1787
0.866096	16.2149
0.866196	16.2424
0.866296	16.2609
0.866396	16.2703
0.866496	16.2706
0.866596	16.2617
0.866696	16.2437
0.866796	16.217
0.866896	16.1817
0.866992	16.1383
0.867092	16.0873
0.867192	16.0293
0.867296	15.9649
0.867396	15.895
0.867496	15.8205
0.867596	15.7422
0.867696	15.6614
0.867796	15.5791
0.867896	15.4965
0.867996	15.4148
0.868096	15.3354
0.868196	15.2594
0.868292	15.1881
0.868392	15.1225
0.868492	15.0637
0.868592	15.0125
0.868692	14.9694
0.868792	14.9351
0.868896	14.9097
0.868996	14.893
0.869096	14.885
0.869196	14.885
0.869296	14.8923
0.869396	14.9061
0.869496	14.9253
0.869592	14.9488
0.869692	14.9754
0.869792	15.0038
0.869892	15.0328
0.869992	15.0611
0.870092	15.0878
0.870192	15.1116
0.870296	15.1315
0.870396	15.1468
0.870496	15.1566
0.870596	15.1603
0.870696	15.1574
0.870796	15.1474
0.870892	15.1301
0.870992	15.1054
0.871092	15.0732
0.871196	15.0337
0.871296	14.9871
0.871396	14.9339
0.871496	14.8746
0.871596	14.8099
0.871696	14.7408
0.871796	14.6681
0.871896	14.593
0.871996	14.5169
0.872096	14.441
0.872192	14.367
0.872292	14.2964
0.872392	14.2307
0.872492	14.1715
0.872592	14.1203
0.872692	14.0785
0.872792	14.0472
0.872896	14.0273
0.872996	14.0196
0.873096	14.0243
0.873196	14.0414
0.873296	14.0707
0.873396	14.1113
0.873492	14.1625
0.873592	14.2229
0.873692	14.2911
0.873796	14.3657
0.873896	14.4451
0.873996	14.5275
0.874096	14.6114
0.874196	14.6951
0.874296	14.7773
0.874396	14.8564
0.874496	14.9312
0.874596	15.0007
0.874696	15.0637
0.874792	15.1194
0.874892	15.1671
0.874992	15.2062
0.875096	15.2363
0.875196	15.2569
0.875296	15.2678
0.875396	15.269
0.875496	15.2605
0.875596	15.2423
0.875696	15.2147
0.875796	15.1782
0.875896	15.1331
0.875996	15.0801
0.876092	15.02
0.876192	14.9536
0.876292	14.8821
0.876396	14.8065
0.876496	14.7281
0.876592	14.6483
0.876696	14.5687
0.876796	14.4907
0.876896	14.4161
0.876996	14.3465
0.877092	14.2835
0.877196	14.2285
0.877296	14.1831
0.877392	14.1482
0.877492	14.1249
0.877592	14.1138
0.877696	14.1151
0.877796	14.1287
0.877896	14.1543
0.877996	14.1912
0.878096	14.2385
0.878196	14.2948
0.878296	14.3589
0.878396	14.4291
0.878496	14.504
0.878596	14.582
0.878692	14.6614
0.878792	14.7408
0.878892	14.8189
0.878996	14.8943
0.879096	14.9659
0.879196	15.0327
0.879296	15.0937
0.879396	15.1484
0.879496	15.1961
0.879596	15.2363
0.879696	15.2688
0.879796	15.2934
0.879896	15.31
0.879992	15.3188
0.880092	15.3198
0.880192	15.3135
0.880296	15.3003
0.880396	15.2808
0.880496	15.2555
0.880596	15.2254
0.880696	15.1913
0.880796	15.1541
0.880896	15.115
0.880996	15.0751
0.881096	15.0355
0.881196	14.9975
0.881292	14.9623
0.881392	14.9311
0.881492	14.9049
0.881592	14.8847
0.881692	14.8714
0.881796	14.8657
0.881896	14.868
0.881996	14.8787
0.882033	14.8977
0.893296	16.6513
0.893396	16.6259
0.893496	16.5917
0.893596	16.549
0.893696	16.498
0.893796	16.439
0.893892	16.3725
0.893992	16.2991
0.894092	16.2194
0.894196	16.1342
0.894296	16.0444
0.894396	15.9508
0.894496	15.8547
0.894596	15.7571
0.894696	15.6593
0.894796	15.5625
0.894896	15.468
0.894996	15.3773
0.895096	15.2915
0.895192	15.2119
0.895292	15.1396
0.895392	15.0756
0.895492	15.0207
0.895596	14.9754
0.895696	14.9401
0.895796	14.9148
0.895896	14.8994
0.895996	14.8934
0.896096	14.8962
0.896196	14.9069
0.896296	14.9245
0.896396	14.9478
0.896496	14.9756
0.896596	15.0067
0.896692	15.0397
0.896792	15.0735
0.896892	15.1069
0.896996	15.1387
0.897096	15.168
0.897196	15.194
0.897296	15.2157
0.897396	15.2327
0.897496	15.2444
0.897596	15.2506
0.897696	15.2509
0.897796	15.2453
0.897896	15.2338
0.897992	15.2168
0.898092	15.1945
0.898192	15.1674
0.898292	15.1361
0.898396	15.1015
0.898492	15.0643
0.898596	15.0255
0.898696	14.9863
0.898796	14.9479
0.898896	14.9114
0.898996	14.878
0.899096	14.8492
0.899196	14.8259
0.899292	14.8095
0.899392	14.8008
0.899492	14.8008
0.899596	14.8099
0.899696	14.8288
0.899796	14.8574
0.899896	14.8957
0.899996	14.9434
0.900096	15.4153
0.900196	15.5087
0.900296	15.6057
0.900396	15.7047
0.900496	15.8042
0.900592	15.9029
0.900692	15.9994
0.900792	16.0924
0.900896	16.181
0.900996	16.264
0.901096	16.3408
0.901196	16.4106
0.901296	16.4728
0.901396	16.527
0.901496	16.5727
0.901596	16.6098
0.901696	16.6381
0.901796	16.6574
0.901892	16.668
0.901992	16.6698
0.902092	16.6633
0.902196	16.6485
0.902296	16.6261
0.902396	16.5964
0.902496	16.5601
0.902592	16.5178
0.902696	16.4703
0.902796	16.4184
0.902896	16.3632
0.902996	16.3054
0.903096	16.2462
0.903196	16.1865
0.903292	16.1276
0.903392	16.0704
0.903492	16.016
0.903592	15.9653
0.903692	15.9192
0.903792	15.8786
0.903896	15.844
0.903996	15.8158
0.904096	15.7945
0.904196	15.78
0.904296	15.7723
0.904396	15.7711
0.904496	15.7759
0.904592	15.786
0.904692	15.8007
0.904792	15.8191
0.904896	15.8403
0.904996	15.8631
0.905096	15.8866
0.905196	15.9096
0.905296	15.9312
0.905396	15.9505
0.905496	15.9663
0.905596	15.978
0.905696	15.9847
0.905796	15.9858
0.905892	15.9807
0.905992	15.9689
0.906092	15.95
0.906196	15.9239
0.906296	15.8904
0.906396	15.8494
0.906496	15.8011
0.906596	15.7458
0.906696	15.6838
0.906796	15.6156
0.906896	15.542
0.906996	15.4636
0.907096	15.3816
0.907192	15.2969
0.907292	15.2107
0.907392	15.1246
0.907492	15.0399
0.907596	14.9581
0.907692	14.8809
0.907796	14.8099
0.907896	14.7466
0.907996	14.6925
0.908096	14.6488
0.908196	14.6167
0.908296	14.5969
0.908396	14.5898
0.908492	14.5958
0.908592	14.6144
0.908692	14.6453
0.908796	14.6876
0.908892	14.7401
0.908996	14.8016
0.909096	14.8704
0.909196	14.9451
0.909296	15.024
0.909396	15.1054
0.909496	15.1876
0.909596	15.2692
0.909696	15.3487
0.909792	15.4247
0.909892	15.4961
0.909992	15.5619
0.910096	15.621
0.910196	15.6727
0.910296	15.7163
0.910396	15.7515
0.910496	15.7777
0.910596	15.7946
0.910696	15.8023
0.910796	15.8005
0.910896	15.7895
0.910996	15.7695
0.911092	15.7406
0.911192	15.7035
0.911292	15.6587
0.911392	15.6069
0.911492	15.5488
0.911596	15.4855
0.911696	15.4179
0.911796	15.3473
0.911896	15.275
0.911996	15.2023
0.912096	15.1306
0.912196	15.0614
0.912296	14.9962
0.912392	14.9365
0.912492	14.8836
0.912592	14.8389
0.912696	14.8033
0.912796	14.7777
0.912896	14.7628
0.912996	14.7589
0.913096	14.766
0.913196	14.7838
0.913296	14.8119
0.913396	14.8493
0.913496	14.8951
0.913596	14.9482
0.913692	15.007
0.913792	15.0704
0.913892	15.1368
0.913996	15.2049
0.914096	15.2732
0.914196	15.3404
0.914296	15.4054
0.914396	15.4671
0.914496	15.5244
0.914596	15.5765
0.914696	15.6228
0.914796	15.6626
0.914896	15.6956
0.914992	15.7213
0.915092	15.7397
0.915192	15.7507
0.915296	15.7543
0.915396	15.7508
0.915496	15.7405
0.915596	15.7239
0.915696	15.7015
0.915796	15.674
0.915896	15.6423
0.915996	15.6073
0.916096	15.5699
0.916196	15.5314
0.916292	15.4928
0.916392	15.4554
0.916492	15.4204
0.916596	15.3892
0.916696	15.3627
0.916796	15.3423
0.916896	15.3288
0.916996	15.3231
0.917096	15.3259
0.917196	15.3375
0.917296	15.3582
0.917396	15.3878
0.917496	15.4262
0.917592	15.4728
0.917692	15.5268
0.917792	15.5873
0.917896	15.6534
0.917996	15.7237
0.918096	15.7972
0.918196	15.8725
0.918296	15.9483
0.918396	16.0235
0.918496	16.0968
0.918596	16.1671
0.918696	16.2333
0.918796	16.2946
0.918892	16.35
0.918992	16.3988
0.919092	16.4403
0.919196	16.474
0.919296	16.4993
0.919396	16.5161
0.919496	16.524
0.919596	16.5228
0.919696	16.5126
0.919796	16.4932
0.919896	16.4649
0.919996	16.4279
0.920096	16.3824
0.920192	16.329
0.920296	16.2682
0.920392	16.2005
0.920496	16.1268
0.920596	16.048
0.920696	15.965
0.920796	15.879
0.920896	15.7912
0.920996	15.7028
0.921096	15.6151
0.921196	15.5297
0.921296	15.4478
0.921396	15.3708
0.921492	15.3002
0.921592	15.2371
0.921692	15.1825
0.921792	15.1375
0.921892	15.1026
0.921992	15.0782
0.922096	15.0645
0.922196	15.0614
0.922296	15.0684
0.922396	15.085
0.922496	15.1101
0.922596	15.1427
0.922696	15.1818
0.922792	15.2259
0.922892	15.2738
0.922992	15.3242
0.923096	15.3756
0.923196	15.427
0.923296	15.4772
0.923396	15.5251
0.923496	15.5697
0.923596	15.6104
0.923696	15.6465
0.923796	15.6774
0.923896	15.7027
0.923996	15.7223
0.924092	15.736
0.924192	15.7439
0.924292	15.746
0.924396	15.7428
0.924496	15.7347
0.924596	15.7222
0.924696	15.7061
0.924796	15.687
0.924896	15.666
0.924996	15.6441
0.925096	15.6222
0.925196	15.6017
0.925296	15.5835
0.925392	15.569
0.925492	15.5591
0.925592	15.555
0.925692	15.5576
0.925796	15.5677
0.925896	15.586
0.925996	15.6128
0.926096	15.6484
0.926196	15.6928
0.926296	15.7458
0.926396	15.8069
0.926496	15.8756
0.926596	15.9509
0.926692	16.0319
0.926792	16.1175
0.926892	16.2066
0.926996	16.298
0.927096	16.3904
0.927192	16.4827
0.927296	16.5737
0.927396	16.6624
0.927496	16.7477
0.927596	16.8288
0.927696	16.9047
0.927796	16.9747
0.927896	17.0381
0.927992	17.0944
0.928092	17.1432
0.928192	17.1839
0.928254	17.2163
0.928308	17.2403
0.929296	17.0801
0.929396	17.0256
0.929496	16.9657
0.929596	16.9012
0.929696	16.8327
0.929796	16.7614
0.929892	16.6879
0.929992	16.6135
0.930092	16.5391
0.930196	16.4657
0.930296	16.3943
0.930396	16.326
0.930496	16.2616
0.930596	16.202
0.930696	16.1479
0.930796	16.0998
0.930896	16.0581
0.930996	16.0232
0.931096	15.995
0.931192	15.9734
0.931292	15.9581
0.931392	15.9487
0.931496	15.9446
0.931596	15.9449
0.931696	15.9488
0.931796	15.9554
0.931896	15.9637
0.931996	15.9727
0.932096	15.9815
0.932196	15.9891
0.932296	15.9946
0.932396	15.9971
0.932492	15.996
0.932592	15.9906
0.932692	15.9802
0.932796	15.9646
0.932896	15.9432
0.932996	15.916
0.933096	15.8829
0.933196	15.8438
0.933296	15.7991
0.933396	15.749
0.933496	15.6941
0.933596	15.6348
0.933696	15.572
0.933792	15.5067
0.933892	15.4397
0.933992	15.3724
0.934092	15.306
0.934192	15.2419
0.934292	15.1815
0.934396	15.1264
0.934496	15.078
0.934596	15.0377
0.934696	15.0068
0.934796	14.9865
0.934896	14.9776
0.934996	14.9808
0.935092	14.9964
0.935192	15.0245
0.935292	15.0647
0.935396	15.1166
0.935496	15.1791
0.935596	15.2513
0.935696	15.3318
0.935796	15.4192
0.935896	15.5119
0.935996	15.6085
0.936096	15.7073
0.936196	15.8068
0.936296	15.9057
0.936392	16.0026
0.936492	16.0962
0.936592	16.1854
0.936696	16.2694
0.936796	16.3471
0.936896	16.4179
0.936996	16.4813
0.937096	16.5366
0.937196	16.5835
0.937296	16.6219
0.937396	16.6514
0.937496	16.672
0.937596	16.6838
0.937692	16.6869
0.937792	16.6815
0.937892	16.6679
0.937996	16.6465
0.938096	16.6178
0.938196	16.5824
0.938296	16.541
0.938396	16.4942
0.938496	16.4429
0.938596	16.388
0.938696	16.3306
0.938796	16.2715
0.938896	16.2119
0.938996	16.1527
0.939092	16.0952
0.939192	16.0404
0.939292	15.9891
0.939396	15.9423
0.939496	15.9009
0.939596	15.8653
0.939696	15.8363
0.939796	15.8139
0.939896	15.7985
0.939996	15.7898
0.940096	15.7877
0.940196	15.7917
0.940296	15.8011
0.940392	15.8152
0.940492	15.8331
0.940592	15.8539
0.940696	15.8766
0.940796	15.9
0.940896	15.9232
0.940996	15.9451
0.941096	15.9647
0.941196	15.9811
0.941296	15.9934
0.941396	16.0009
0.941496	16.0028
0.941596	15.9986
0.941692	15.9878
0.941792	15.97
0.941892	15.9449
0.941996	15.9124
0.942096	15.8725
0.942196	15.8253
0.942296	15.7709
0.942396	15.7098
0.942496	15.6425
0.942596	15.5696
0.942696	15.4919
0.942796	15.4103
0.942896	15.3259
0.942992	15.2399
0.943092	15.1537
0.943192	15.0686
0.943296	14.9864
0.943396	14.9084
0.943496	14.8364
0.943596	14.772
0.943696	14.7164
0.943796	14.6712
0.943896	14.6374
0.943996	14.6157
0.944096	14.6069
0.944196	14.6109
0.944292	14.6278
0.944392	14.657
0.944492	14.6977
0.944596	14.7489
0.944696	14.8091
0.944796	14.877
0.944896	14.951
0.944996	15.0294
0.945096	15.1105
0.945196	15.1927
0.945296	15.2745
0.945396	15.3543
0.945496	15.4309
0.945592	15.5031
0.945692	15.5697
0.945792	15.6298
0.945896	15.6826
0.945996	15.7274
0.946096	15.7638
0.946196	15.7913
0.946296	15.8096
0.946396	15.8186
0.946496	15.8182
0.946596	15.8085
0.946696	15.7897
0.946796	15.7621
0.946892	15.7261
0.946992	15.6824
0.947092	15.6315
0.947192	15.5743
0.947292	15.5116
0.947396	15.4446
0.947496	15.3744
0.947596	15.3022
0.947696	15.2295
0.947796	15.1575
0.947896	15.0879
0.947996	15.0221
0.948096	14.9615
0.948192	14.9075
0.948292	14.8615
0.948396	14.8246
0.948492	14.7975
0.948596	14.7811
0.948696	14.7756
0.948796	14.7811
0.948896	14.7974
0.948996	14.8241
0.949096	14.8602
0.949196	14.9049
0.949296	14.957
0.949396	15.0151
0.949492	15.078
0.949592	15.144
0.949692	15.212
0.949796	15.2803
0.949896	15.3478
0.949996	15.4132
0.950096	15.4753
0.950196	15.5333
0.950296	15.5862
0.950396	15.6334
0.950496	15.6742
0.950596	15.7081
0.950696	15.7349
0.950792	15.7544
0.950892	15.7664
0.950992	15.7711
0.951096	15.7686
0.951196	15.7592
0.951296	15.7435
0.951396	15.7218
0.951496	15.6951
0.951596	15.6639
0.951696	15.6293
0.951796	15.5922
0.951896	15.5537
0.951996	15.5151
0.952092	15.4774
0.952192	15.4421
0.952292	15.4102
0.952396	15.383
0.952496	15.3616
0.952596	15.3471
0.952696	15.3403
0.952796	15.3418
0.952896	15.3521
0.952996	15.3715
0.953096	15.3999
0.953196	15.437
0.953296	15.4825
0.953392	15.5355
0.953492	15.5951
0.953592	15.6605
0.953696	15.7303
0.953796	15.8034
0.953896	15.8785
0.953996	15.9543
0.954096	16.0297
0.954196	16.1033
0.954296	16.1741
0.954396	16.241
0.954496	16.303
0.954596	16.3593
0.954692	16.4091
0.954792	16.4516
0.954892	16.4865
0.954996	16.5131
0.955096	16.5311
0.955196	16.5402
0.955296	16.5404
0.955396	16.5314
0.955496	16.5134
0.955596	16.4863
0.955696	16.4505
0.955796	16.4063
0.955896	16.3539
0.955996	16.2941
0.956092	16.2274
0.956192	16.1545
0.956292	16.0764
0.956396	15.9939
0.956492	15.9083
0.956596	15.8206
0.956696	15.7322
0.956796	15.6444
0.956896	15.5585
0.956996	15.476
0.957096	15.3983
0.957196	15.3267
0.957296	15.2624
0.957392	15.2066
0.957492	15.1601
0.957592	15.1237
0.957692	15.0979
0.957796	15.0827
0.957896	15.0781
0.957996	15.0837
0.958096	15.0989
0.958196	15.1228
0.958296	15.1545
0.958396	15.1927
0.958496	15.2362
0.958596	15.2836
0.958692	15.3337
0.958792	15.3851
0.958892	15.4366
0.958992	15.487
0.959092	15.5352
0.959196	15.5804
0.959296	15.6217
0.959396	15.6585
0.959496	15.6901
0.959596	15.7163
0.959696	15.7367
0.959796	15.7512
0.959896	15.7599
0.959992	15.7629
0.960092	15.7604
0.960192	15.753
0.960296	15.7411
0.960396	15.7254
0.960496	15.7067
0.960596	15.6859
0.960696	15.664
0.960796	15.6421
0.960896	15.6213
0.960996	15.6028
0.961096	15.5876
0.961196	15.577
0.961292	15.5721
0.961392	15.5737
0.961492	15.5826
0.961596	15.5997
0.961692	15.6252
0.961792	15.6596
0.961896	15.7027
0.961996	15.7545
0.962096	15.8146
0.962196	15.8822
0.962296	15.9566
0.962396	16.0368
0.962496	16.1219
0.962592	16.2106
0.962692	16.3017
0.962792	16.394
0.962892	16.4864
0.962996	16.5777
0.963096	16.6668
0.963196	16.7526
0.963296	16.8343
0.963396	16.911
0.963496	16.9819
0.963596	17.0463
0.963696	17.1037
0.963796	17.1535
0.963892	17.1954
0.963992	17.2291
0.964092	17.2542
0.964196	17.2708
0.964296	17.2787
0.964396	17.278
0.964496	17.2688
0.964596	17.2512
0.964696	17.2256
0.964796	17.1922
0.964896	17.1516
0.964996	17.1042
0.965096	17.0506
0.965192	16.9914
0.965292	16.9275
0.965392	16.8596
0.965496	16.7885
0.965596	16.7154
0.965696	16.641
0.965796	16.5665
0.965896	16.4929
0.965996	16.4212
0.966096	16.3524
0.966196	16.2874
0.966296	16.2271
0.966396	16.1721
0.966492	16.1231
0.966592	16.0805
0.966692	16.0446
0.966792	16.0154
0.966892	15.9929
0.966996	15.9768
0.967096	15.9666
0.967196	15.9617
0.967296	15.9614
0.967396	15.9649
0.967496	15.9711
0.967596	15.9793
0.967696	15.9883
0.967792	15.9971
0.967892	16.0049
0.967992	16.0108
0.968096	16.0138
0.968192	16.0133
0.968292	16.0085
0.968396	15.9989
0.968496	15.984
0.968596	15.9635
0.968696	15.9371
0.968796	15.9048
0.968896	15.8666
0.968996	15.8227
0.969092	15.7733
0.969192	15.719
0.969292	15.6603
0.969396	15.598
0.969496	15.533
0.969596	15.4662
0.969696	15.3988
0.969796	15.3322
0.969896	15.2677
0.969996	15.2067
0.970096	15.1507
0.970196	15.1012
0.970296	15.0597
0.970392	15.0274
0.970492	15.0055
0.970592	14.995
0.970696	14.9964
0.970796	15.0102
0.970896	15.0366
0.970996	15.0751
0.971096	15.1253
0.971196	15.1864
0.971296	15.2573
0.971396	15.3367
0.971496	15.4231
0.971596	15.5152
0.971692	15.6113
0.971792	15.7099
0.971892	15.8095
0.971996	15.9085
0.972096	16.0057
0.972196	16.0999
0.972296	16.1898
0.972396	16.2746
0.972496	16.3532
0.972596	16.4251
0.972696	16.4895
0.972796	16.546
0.972896	16.5942
0.972992	16.6338
0.973092	16.6645
0.973192	16.6865
0.973296	16.6995
0.973396	16.7038
0.973492	16.6996
0.973596	16.6872
0.973696	16.6669
0.973796	16.6392
0.973896	16.6047
0.973996	16.5641
0.974096	16.518
0.974196	16.4673
0.974292	16.4129
0.974392	16.3557
0.974492	16.2968
0.974596	16.2372
0.974696	16.178
0.974796	16.1202
0.974896	16.0648
0.974996	16.013
0.975096	15.9655
0.975196	15.9233
0.975296	15.8869
0.975396	15.8569
0.975496	15.8336
0.975592	15.8171
0.975692	15.8075
0.975792	15.8045
0.975896	15.8076
0.975996	15.8163
0.976096	15.8298
0.976196	15.8472
0.976296	15.8677
0.976396	15.8901
0.976496	15.9135
0.976596	15.9368
0.976696	15.9589
0.976796	15.9789
0.976892	15.9958
0.976992	16.0088
0.977092	16.017
0.977196	16.0198
0.977296	16.0165
0.977396	16.0066
0.977496	15.9898
0.977596	15.9658
0.977696	15.9344
0.977796	15.8955
0.977896	15.8493
0.977996	15.796
0.978096	15.7358
0.978192	15.6693
0.978292	15.5972
0.978392	15.5201
0.978496	15.439
0.978596	15.3549
0.978696	15.2691
0.978796	15.1828
0.978896	15.0975
0.978996	15.0147
0.979096	14.9361
0.979196	14.8632
0.979296	14.7975
0.979396	14.7406
0.979492	14.6938
0.979592	14.6583
0.979692	14.6349
0.979792	14.6242
0.979892	14.6264
0.979992	14.6415
0.980096	14.669
0.980196	14.7081
0.980296	14.7578
0.980396	14.8168
0.980496	14.8838
0.980596	14.957
0.980696	15.0348
0.980792	15.1156
0.980892	15.1978
0.980992	15.2797
0.981092	15.3599
0.981196	15.4371
0.981292	15.5099
0.981396	15.5774
0.981496	15.6385
0.981596	15.6924
0.981696	15.7384
0.981796	15.776
0.981896	15.8048
0.981996	15.8244
0.982092	15.8347
0.982192	15.8357
0.982292	15.8273
0.982396	15.8098
0.982496	15.7834
0.982596	15.7486
0.982696	15.7059
0.982796	15.656
0.982896	15.5996
0.982996	15.5377
0.983096	15.4712
0.983196	15.4014
0.983296	15.3294
0.983392	15.2567
0.983492	15.1845
0.983592	15.1145
0.983696	15.048
0.983796	14.9866
0.983896	14.9316
0.983996	14.8844
0.984096	14.8461
0.984196	14.8176
0.984296	14.7996
0.984396	14.7925
0.984496	14.7965
0.984596	14.8113
0.984692	14.8365
0.984792	14.8714
0.984892	14.9149
0.984996	14.966
0.985096	15.0234
0.985196	15.0856
0.985296	15.1513
0.985396	15.219
0.985496	15.2874
0.985596	15.3551
0.985696	15.4208
0.985796	15.4835
0.985896	15.5422
0.985992	15.5959
0.986092	15.6439
0.986192	15.6856
0.986296	15.7206
0.986396	15.7484
0.986496	15.7689
0.986596	15.782
0.986696	15.7877
0.986796	15.7862
0.986896	15.7778
0.986996	15.7629
0.987096	15.7421
0.987196	15.716
0.987292	15.6855
0.987392	15.6513
0.987492	15.6145
0.987596	15.5761
0.987696	15.5374
0.987796	15.4996
0.987896	15.4638
0.987996	15.4313
0.988096	15.4034
0.988196	15.3811
0.988296	15.3656
0.988396	15.3576
0.988496	15.3579
0.988592	15.367
0.988692	15.385
0.988792	15.4121
0.988896	15.4481
0.988996	15.4923
0.989096	15.5443
0.989196	15.6031
0.989296	15.6677
0.989396	15.7369
0.989496	15.8096
0.989596	15.8845
0.989696	15.9603
0.989796	16.0358
0.989892	16.1098
0.989992	16.1811
0.990092	16.2486
0.990192	16.3113
0.990296	16.3685
0.990396	16.4192
0.990496	16.4629
0.990596	16.4988
0.990696	16.5266
0.990796	16.5459
0.990896	16.5563
0.990996	16.5578
0.991096	16.5501
0.991192	16.5333
0.991292	16.5076
0.991392	16.473
0.991496	16.4299
0.991596	16.3787
0.991692	16.3199
0.991792	16.2542
0.991896	16.1821
0.991996	16.1047
0.992096	16.0228
0.992196	15.9375
0.992296	15.8501
0.992396	15.7617
0.992492	15.6737
0.992592	15.5875
0.992692	15.5044
0.992792	15.4259
0.992892	15.3534
0.992992	15.288
0.993096	15.2309
0.993196	15.183
0.993296	15.1452
0.993396	15.1178
0.993496	15.101
0.993596	15.0949
0.993696	15.0991
0.993792	15.113
0.993892	15.1358
0.993992	15.1664
0.994096	15.2038
0.994196	15.2466
0.994296	15.2935
0.994396	15.3433
0.994496	15.3946
0.994596	15.4461
0.994696	15.4967
0.994796	15.5454
0.994896	15.591
0.994996	15.633
0.995092	15.6704
0.995192	15.7028
0.995292	15.7298
0.995396	15.751
0.995492	15.7664
0.995592	15.7759
0.995696	15.7797
0.995796	15.778
0.995896	15.7712
0.995996	15.7599
0.996096	15.7447
0.996196	15.7264
0.996296	15.7058
0.996392	15.6841
0.996492	15.6621
0.996592	15.641
0.996696	15.6221
0.996796	15.6064
0.996896	15.5951
0.996996	15.5893
0.997096	15.5899
0.997196	15.5977
0.997296	15.6136
0.997396	15.6379
0.997496	15.671
0.997596	15.7129
0.997692	15.7635
0.997792	15.8224
0.997892	15.8889
0.997996	15.9624
0.998096	16.0419
0.998196	16.1263
0.998296	16.2146
0.998396	16.3054
0.998496	16.3977
0.998596	16.4901
0.998696	16.5816
0.998796	16.6711
0.998896	16.7575
0.998992	16.8398
0.999092	16.9172
0.999192	16.989
0.999296	17.0544
0.999396	17.1128
0.999496	17.1637
0.999596	17.2068
0.999696	17.2416
0.999796	17.268
0.999896	17.2858
0.999996	17.295
1.0001	14.8721
1.0002	14.8679
1.00029	14.8538
1.00039	14.8302
1.00049	14.7979
1.00059	14.7575
1.00069	14.7099
1.00079	14.6559
1.0009	14.5964
1.001	14.5324
1.0011	14.465
1.0012	14.3952
1.0013	14.3241
1.0014	14.2529
1.0015	14.1827
1.00159	14.1145
1.00169	14.0494
1.00179	13.9881
1.00189	13.9316
1.002	13.8804
1.00209	13.835
1.0022	13.7955
1.0023	13.7621
1.0024	13.7344
1.0025	13.7122
1.0026	13.6949
1.0027	13.6818
1.0028	13.6718
1.0029	13.6642
1.003	13.6577
1.00309	13.6512
1.00319	13.6436
1.00329	13.6336
1.00339	13.6201
1.00349	13.602
1.00359	13.5783
1.0037	13.5478
1.0038	13.5098
1.0039	13.4634
1.004	13.4079
1.0041	13.3426
1.0042	13.2672
1.0043	13.1812
1.00439	13.0844
1.00449	12.9769
1.00459	12.8586
1.0047	12.7299
1.0048	12.5913
1.0049	12.4435
1.005	12.2876
1.0051	12.1249
1.0052	11.957
1.0053	11.7858
1.0054	11.6139
1.0055	11.4438
1.0056	11.2788
1.0057	11.1223
1.0058	10.9779
1.00589	10.8493
1.00599	10.7403
1.00609	10.6542
1.0062	10.5937
1.0063	10.5611
1.0064	10.5575
1.0065	10.5832
1.0066	10.6371
1.0067	10.7177
1.0068	10.8222
1.0069	10.9474
1.007	11.0897
1.0071	11.2452
1.00719	11.4103
1.00729	11.5812
1.00739	11.7547
1.0075	11.9277
1.0076	12.0976
1.0077	12.2621
1.0078	12.4192
1.0079	12.5675
1.008	12.7056
1.0081	12.8324
1.0082	12.9473
1.0083	13.0496
1.0084	13.139
1.00849	13.2153
1.00859	13.2783
1.00869	13.3281
1.0088	13.3649
1.0089	13.3889
1.009	13.4007
1.0091	13.4006
1.0092	13.3894
1.0093	13.3678
1.0094	13.3365
1.0095	13.2966
1.0096	13.2492
1.0097	13.1954
1.00979	13.1365
1.00989	13.074
1.00999	13.0093
1.0101	12.9439
1.0102	12.8795
1.0103	12.8177
1.0104	12.76
1.0105	12.7078
1.0106	12.6625
1.0107	12.6253
1.0108	12.597
1.0109	12.5783
1.011	12.5695
1.01109	12.5707
1.01119	12.5816
1.0113	12.6016
1.01139	12.6297
1.01149	12.665
1.0116	12.7061
1.0117	12.7515
1.0118	12.7997
1.0119	12.8491
1.012	12.8983
1.0121	12.9455
1.0122	12.9895
1.0123	13.0287
1.01239	13.0619
1.01249	13.0879
1.01259	13.1057
1.0127	13.1144
1.0128	13.1131
1.0129	13.1011
1.013	13.078
1.0131	13.0433
1.0132	12.9968
1.0133	12.9382
1.0134	12.8675
1.0135	12.7849
1.0136	12.6907
1.01369	12.5854
1.01379	12.4696
1.01389	12.3441
1.014	12.2103
1.0141	12.0694
1.0142	11.923
1.0143	11.7732
1.0144	11.6222
1.0145	11.4725
1.0146	11.327
1.0147	11.1885
1.0148	11.0604
1.0149	10.9456
1.01499	10.8473
1.01509	10.7682
1.01519	10.7104
1.01529	10.6758
1.01539	10.6651
1.01549	10.6784
1.0156	10.7151
1.0157	10.7735
1.0158	10.8516
1.0159	10.9466
1.016	11.0555
1.0161	11.1751
1.0162	11.3022
1.01629	11.4336
1.01639	11.5664
1.01649	11.6979
1.0166	11.8255
1.0167	11.9472
1.0168	12.0611
1.0169	12.1656
1.017	12.2593
1.0171	12.3412
1.0172	12.4104
1.0173	12.4661
1.0174	12.5079
1.0175	12.5353
1.01759	12.5481
1.01769	12.5463
1.01779	12.5298
1.0179	12.4989
1.018	12.4539
1.0181	12.3952
1.0182	12.3235
1.0183	12.2394
1.0184	12.144
1.0185	12.0384
1.0186	11.9239
1.0187	11.8022
1.0188	11.6751
1.0189	11.5447
1.019	11.4132
1.01909	11.2833
1.01919	11.1577
1.01929	11.0392
1.0194	10.9308
1.0195	10.835
1.0196	10.7547
1.0197	10.6919
1.0198	10.6484
1.0199	10.6254
1.02	10.6234
1.0201	10.6421
1.0202	10.6805
1.0203	10.7372
1.02039	10.8102
1.02049	10.8968
1.02059	10.9946
1.02069	11.1007
1.02079	11.2123
1.0209	11.3267
1.021	11.4414
1.0211	11.5542
1.0212	11.6629
1.0213	11.7658
1.0214	11.8613
1.0215	11.9483
1.0216	12.0257
1.02169	12.0927
1.02179	12.1488
1.02189	12.1935
1.022	12.2268
1.0221	12.2486
1.0222	12.2592
1.0223	12.259
1.0224	12.2485
1.0225	12.2284
1.0226	12.1998
1.0227	12.1638
1.0228	12.1217
1.0229	12.0751
1.02299	12.0256
1.02309	11.9751
1.02319	11.9257
1.0233	11.8796
1.0234	11.8388
1.0235	11.8056
1.0236	11.782
1.02369	11.7701
1.0238	11.7713
1.0239	11.7872
1.024	11.8184
1.0241	11.8655
1.0242	11.9284
1.02429	12.0066
1.02439	12.099
1.02449	12.2042
1.0246	12.3207
1.0247	12.4463
1.0248	12.5791
1.0249	12.7169
1.025	12.8576
1.0251	12.9992
1.0252	13.1397
1.0253	13.2773
1.0254	13.4104
1.0255	13.5376
1.02559	13.6575
1.02569	13.7691
1.02579	13.8713
1.0259	13.9635
1.026	14.0448
1.0261	14.1148
1.0262	14.1731
1.0263	14.2193
1.0264	14.2533
1.0265	14.2748
1.0266	14.284
1.0267	14.2808
1.0268	14.2654
1.02689	14.2381
1.02699	14.1992
1.02709	14.1491
1.0272	14.0884
1.0273	14.0177
1.0274	13.9378
1.0275	13.8495
1.02759	13.7537
1.0277	13.6517
1.0278	13.5447
1.0279	13.434
1.028	13.3211
1.0281	13.2076
1.02819	13.0952
1.02829	12.9854
1.02839	12.8801
1.02849	12.7808
1.02859	12.6891
1.02869	12.6063
1.0288	12.5337
1.0289	12.472
1.029	12.4218
1.0291	12.3835
1.0292	12.3568
1.0293	12.3413
1.0294	12.3362
1.02949	12.3405
1.02959	12.3528
1.02969	12.3715
1.0298	12.3952
1.02989	12.4222
1.02999	12.4508
1.0301	12.4793
1.0302	12.5063
1.0303	12.5304
1.0304	12.5502
1.0305	12.5646
1.0306	12.5726
1.0307	12.5734
1.03079	12.5665
1.03089	12.5514
1.03099	12.5277
1.0311	12.4956
1.0312	12.4551
1.0313	12.4067
1.0314	12.3508
1.0315	12.2884
1.0316	12.2204
1.0317	12.1482
1.0318	12.0733
1.0319	11.9976
1.032	11.923
1.0321	11.8518
1.0322	11.7863
1.03229	11.729
1.03239	11.6824
1.03249	11.6489
1.0326	11.6305
1.0327	11.6293
1.0328	11.6465
1.0329	11.6832
1.033	11.7396
1.0331	11.8154
1.0332	11.9098
1.0333	12.0215
1.0334	12.1487
1.0335	12.2891
1.03359	12.4404
1.03369	12.6001
1.03379	12.7657
1.0339	12.9348
1.034	13.1051
1.0341	13.2745
1.0342	13.441
1.0343	13.603
1.0344	13.7589
1.0345	13.9075
1.0346	14.0477
1.0347	14.1787
1.0348	14.2996
1.03489	14.4099
1.03499	14.5091
1.03509	14.5971
1.0352	14.6734
1.0353	14.7381
1.0354	14.791
1.0355	14.8324
1.0356	14.8623
1.0357	14.881
1.0358	14.8888
1.0359	14.886
1.036	14.8733
1.0361	14.851
1.03619	14.8199
1.03629	14.7807
1.03639	14.734
1.03649	14.6809
1.0366	14.6221
1.03669	14.5587
1.0368	14.4917
1.0369	14.4222
1.037	14.3512
1.0371	14.2799
1.0372	14.2095
1.0373	14.141
1.0374	14.0753
1.03749	14.0135
1.03759	13.9563
1.03769	13.9043
1.0378	13.858
1.0379	13.8177
1.038	13.7834
1.0381	13.7549
1.0382	13.732
1.0383	13.714
1.0384	13.7003
1.0385	13.69
1.0386	13.6821
1.0387	13.6755
1.03879	13.6691
1.03889	13.6617
1.03899	13.6521
1.03909	13.6392
1.03919	13.6218
1.03929	13.599
1.0394	13.5695
1.0395	13.5327
1.0396	13.4875
1.0397	13.4333
1.0398	13.3695
1.0399	13.2955
1.04	13.211
1.04009	13.1158
1.04019	13.0098
1.04029	12.893
1.0404	12.7658
1.0405	12.6286
1.0406	12.4821
1.0407	12.3273
1.0408	12.1654
1.0409	11.9981
1.041	11.8273
1.0411	11.6553
1.0412	11.4848
1.0413	11.3189
1.0414	11.1609
1.0415	11.0145
1.0416	10.8835
1.04169	10.7715
1.04179	10.6818
1.04189	10.6176
1.042	10.5809
1.0421	10.5731
1.0422	10.5946
1.0423	10.6447
1.0424	10.7216
1.0425	10.8228
1.0426	10.9453
1.0427	11.0853
1.0428	11.2392
1.0429	11.4032
1.04299	11.5735
1.04309	11.7468
1.04319	11.9201
1.0433	12.0905
1.0434	12.2559
1.0435	12.4142
1.0436	12.5638
1.0437	12.7034
1.0438	12.8319
1.0439	12.9486
1.044	13.0527
1.0441	13.144
1.0442	13.2221
1.04429	13.287
1.04439	13.3387
1.04449	13.3773
1.0446	13.4032
1.0447	13.4166
1.0448	13.4183
1.0449	13.4086
1.045	13.3884
1.0451	13.3584
1.0452	13.3197
1.0453	13.2733
1.0454	13.2203
1.0455	13.1621
1.04559	13.1
1.04569	13.0355
1.04579	12.9701
1.0459	12.9055
1.046	12.8432
1.0461	12.7848
1.0462	12.7318
1.0463	12.6854
1.0464	12.647
1.0465	12.6173
1.0466	12.5972
1.0467	12.587
1.0468	12.5868
1.04689	12.5964
1.04699	12.6151
1.04709	12.6422
1.04719	12.6765
1.04729	12.7168
1.04739	12.7617
1.0475	12.8096
1.0476	12.859
1.0477	12.9082
1.0478	12.9559
1.0479	13.0004
1.048	13.0403
1.0481	13.0745
1.04819	13.1016
1.04829	13.1206
1.04839	13.1306
1.0485	13.1308
1.0486	13.1204
1.0487	13.0989
1.0488	13.0659
1.0489	13.0211
1.049	12.9642
1.0491	12.8952
1.0492	12.8144
1.0493	12.7218
1.0494	12.618
1.04949	12.5036
1.04959	12.3795
1.04969	12.2468
1.0498	12.1068
1.0499	11.9611
1.05	11.8117
1.0501	11.6607
1.0502	11.5106
1.0503	11.3643
1.0504	11.2247
1.0505	11.0948
1.0506	10.978
1.0507	10.8771
1.05079	10.7951
1.05089	10.7342
1.05099	10.6962
1.05109	10.682
1.05119	10.692
1.05129	10.7254
1.0514	10.7808
1.0515	10.8562
1.0516	10.949
1.0517	11.0561
1.0518	11.1744
1.0519	11.3006
1.052	11.4316
1.05209	11.5644
1.05219	11.6962
1.05229	11.8245
1.0524	11.9472
1.0525	12.0623
1.0526	12.1682
1.0527	12.2636
1.0528	12.3472
1.0529	12.4183
1.053	12.4759
1.0531	12.5197
1.0532	12.5492
1.0533	12.5641
1.05339	12.5644
1.05349	12.55
1.05359	12.5212
1.0537	12.4781
1.0538	12.4214
1.0539	12.3514
1.054	12.2691
1.0541	12.1752
1.0542	12.071
1.0543	11.9577
1.0544	11.8369
1.0545	11.7105
1.0546	11.5803
1.0547	11.4489
1.0548	11.3186
1.05489	11.1922
1.05499	11.0725
1.05509	10.9625
1.0552	10.8648
1.0553	10.7821
1.0554	10.7166
1.0555	10.6703
1.0556	10.6444
1.0557	10.6393
1.0558	10.6551
1.0559	10.6908
1.056	10.745
1.0561	10.8157
1.05619	10.9006
1.05629	10.997
1.05639	11.1021
1.05649	11.213
1.0566	11.3272
1.0567	11.442
1.0568	11.5552
1.0569	11.6646
1.057	11.7684
1.0571	11.8651
1.0572	11.9534
1.0573	12.0322
1.0574	12.1007
1.05749	12.1583
1.05759	12.2047
1.05769	12.2397
1.0578	12.2631
1.0579	12.2753
1.058	12.2766
1.0581	12.2675
1.0582	12.2488
1.0583	12.2213
1.0584	12.1863
1.0585	12.145
1.0586	12.0989
1.0587	12.0497
1.05879	11.9992
1.05889	11.9496
1.05899	11.9028
1.0591	11.8611
1.0592	11.8267
1.0593	11.8016
1.05939	11.7879
1.05949	11.7872
1.0596	11.8009
1.0597	11.8299
1.0598	11.8747
1.0599	11.9354
1.06	12.0114
1.06009	12.1019
1.06019	12.2054
1.06029	12.3203
1.06039	12.4448
1.06049	12.5767
1.06059	12.7139
1.0607	12.8544
1.0608	12.9959
1.0609	13.1367
1.061	13.2748
1.0611	13.4087
1.0612	13.5368
1.0613	13.6578
1.06139	13.7706
1.06149	13.8743
1.06159	13.9679
1.0617	14.0508
1.0618	14.1225
1.0619	14.1824
1.062	14.2304
1.0621	14.2661
1.0622	14.2894
1.0623	14.3003
1.0624	14.2989
1.0625	14.2853
1.0626	14.2596
1.06269	14.2224
1.06279	14.1739
1.06289	14.1147
1.063	14.0453
1.0631	13.9667
1.0632	13.8795
1.0633	13.7848
1.06339	13.6836
1.0635	13.5772
1.0636	13.4669
1.0637	13.3543
1.0638	13.2408
1.0639	13.128
1.06399	13.0178
1.06409	12.9117
1.06419	12.8115
1.06429	12.7186
1.06439	12.6345
1.06449	12.5603
1.0646	12.497
1.0647	12.4452
1.0648	12.4052
1.0649	12.3768
1.065	12.3598
1.0651	12.3533
1.0652	12.3563
1.06529	12.3675
1.06539	12.3854
1.06549	12.4085
1.06559	12.4351
1.06569	12.4636
1.06579	12.4922
1.0659	12.5195
1.066	12.5441
1.0661	12.5646
1.0662	12.5798
1.0663	12.5888
1.0664	12.5907
1.0665	12.5849
1.06659	12.571
1.06669	12.5486
1.06679	12.5177
1.0669	12.4783
1.067	12.431
1.0671	12.3761
1.0672	12.3146
1.0673	12.2473
1.0674	12.1756
1.0675	12.1011
1.0676	12.0253
1.0677	11.9504
1.0678	11.8786
1.0679	11.8121
1.068	11.7535
1.06809	11.7052
1.06819	11.6697
1.06829	11.6491
1.0684	11.6453
1.0685	11.6598
1.0686	11.6937
1.0687	11.7472
1.0688	11.8203
1.0689	11.9122
1.069	12.0215
1.0691	12.1466
1.0692	12.2852
1.0693	12.4351
1.06939	12.5938
1.06949	12.7587
1.06959	12.9274
1.0697	13.0977
1.0698	13.2673
1.0699	13.4344
1.07	13.5971
1.0701	13.754
1.0702	13.9037
1.0703	14.0452
1.0704	14.1775
1.0705	14.2999
1.0706	14.4117
1.07069	14.5126
1.07079	14.6021
1.07089	14.6801
1.071	14.7465
1.0711	14.8011
1.0712	14.8441
1.0713	14.8757
1.0714	14.8959
1.0715	14.9052
1.0716	14.904
1.0717	14.8926
1.0718	14.8717
1.0719	14.8418
1.07199	14.8037
1.07209	14.758
1.07219	14.7058
1.07229	14.6477
1.0724	14.5849
1.07249	14.5184
1.0726	14.4491
1.0727	14.3783
1.0728	14.307
1.0729	14.2364
1.073	14.1675
1.0731	14.1014
1.0732	14.039
1.07329	13.9811
1.07339	13.9283
1.07349	13.8812
1.0736	13.84
1.07369	13.8048
1.0738	13.7756
1.0739	13.7519
1.074	13.7333
1.0741	13.719
1.07419	13.7082
1.0743	13.7
1.0744	13.6933
1.0745	13.6869
1.07459	13.6798
1.07469	13.6706
1.07479	13.6582
1.07489	13.6416
1.07499	13.6195
1.0751	13.5911
1.0752	13.5553
1.0753	13.5114
1.0754	13.4585
1.0755	13.3961
1.0756	13.3236
1.0757	13.2407
1.0758	13.147
1.07589	13.0425
1.07599	12.9273
1.07609	12.8015
1.0762	12.6657
1.0763	12.5205
1.0764	12.3668
1.0765	12.2059
1.0766	12.0392
1.0767	11.8688
1.0768	11.6968
1.0769	11.5259
1.077	11.3591
1.0771	11.1998
1.0772	11.0515
1.0773	10.9181
1.07739	10.8031
1.07749	10.7101
1.07759	10.6421
1.0777	10.6013
1.0778	10.5894
1.0779	10.6067
1.078	10.6528
1.0781	10.7259
1.0782	10.8239
1.0783	10.9435
1.0784	11.0813
1.0785	11.2335
1.0786	11.3962
1.07869	11.5658
1.07879	11.7389
1.07889	11.9124
1.079	12.0834
1.0791	12.2496
1.0792	12.409
1.0793	12.56
1.0794	12.7011
1.0795	12.8312
1.0796	12.9496
1.0797	13.0556
1.0798	13.1487
1.0799	13.2287
1.07999	13.2955
1.08009	13.349
1.08019	13.3895
1.0803	13.4172
1.0804	13.4324
1.0805	13.4357
1.0806	13.4276
1.0807	13.4088
1.0808	13.3802
1.0809	13.3427
1.081	13.2973
1.0811	13.2452
1.0812	13.1876
1.08129	13.126
1.08139	13.0617
1.08149	12.9964
1.0816	12.9316
1.0817	12.8689
1.0818	12.8098
1.0819	12.7559
1.082	12.7085
1.0821	12.6689
1.0822	12.6379
1.0823	12.6165
1.0824	12.6048
1.0825	12.6032
1.08259	12.6114
1.08269	12.6288
1.08279	12.6548
1.0829	12.6881
1.08299	12.7277
1.08309	12.772
1.0832	12.8196
1.0833	12.8688
1.0834	12.9182
1.0835	12.9662
1.0836	13.0112
1.0837	13.0519
1.0838	13.0869
1.08389	13.1151
1.08399	13.1354
1.08409	13.1467
1.0842	13.1484
1.0843	13.1395
1.0844	13.1197
1.0845	13.0883
1.0846	13.0452
1.0847	12.99
1.0848	12.9228
1.0849	12.8436
1.085	12.7527
1.0851	12.6504
1.08519	12.5375
1.08529	12.4147
1.08539	12.2832
1.0855	12.1441
1.0856	11.9991
1.0857	11.8501
1.0858	11.6992
1.0859	11.5489
1.086	11.4018
1.0861	11.261
1.0862	11.1296
1.0863	11.0107
1.0864	10.9074
1.08649	10.8225
1.08659	10.7585
1.08669	10.7171
1.08679	10.6995
1.08689	10.7061
1.08699	10.7362
1.0871	10.7886
1.0872	10.8613
1.0873	10.9517
1.0874	11.057
1.0875	11.1739
1.0876	11.2991
1.0877	11.4296
1.08779	11.5623
1.08789	11.6944
1.08799	11.8234
1.0881	11.947
1.0882	12.0633
1.0883	12.1706
1.0884	12.2676
1.0885	12.353
1.0886	12.4259
1.0887	12.4855
1.0888	12.5313
1.0889	12.5628
1.089	12.5798
1.08909	12.5822
1.08919	12.5699
1.08929	12.5431
1.0894	12.5021
1.0895	12.4472
1.0896	12.3791
1.0897	12.2985
1.0898	12.2062
1.0899	12.1034
1.09	11.9913
1.0901	11.8715
1.0902	11.7457
1.0903	11.616
1.09039	11.4846
1.0905	11.354
1.09059	11.2269
1.0907	11.1061
1.0908	10.9944
1.0909	10.8948
1.091	10.8098
1.0911	10.7418
1.0912	10.6927
1.0913	10.6638
1.0914	10.6557
1.0915	10.6685
1.0916	10.7015
1.09169	10.7531
1.09179	10.8217
1.0919	10.9047
1.09199	10.9996
1.09209	11.1036
1.0922	11.2139
1.0923	11.3278
1.0924	11.4426
1.0925	11.5562
1.0926	11.6662
1.0927	11.7709
1.0928	11.8687
1.0929	11.9583
1.09299	12.0385
1.09309	12.1085
1.09319	12.1677
1.0933	12.2158
1.0934	12.2523
1.0935	12.2774
1.0936	12.2912
1.0937	12.294
1.0938	12.2864
1.0939	12.269
1.094	12.2427
1.0941	12.2087
1.0942	12.1682
1.09429	12.1226
1.09439	12.0738
1.09449	12.0234
1.0946	11.9735
1.0947	11.9262
1.0948	11.8836
1.0949	11.848
1.095	11.8215
1.0951	11.8061
1.0952	11.8034
1.0953	11.815
1.0954	11.8417
1.0955	11.8843
1.09559	11.9427
1.09569	12.0166
1.09579	12.1051
1.09589	12.2068
1.096	12.3202
1.0961	12.4435
1.0962	12.5744
1.0963	12.711
1.0964	12.8511
1.0965	12.9927
1.0966	13.1337
1.0967	13.2723
1.0968	13.4068
1.09689	13.5358
1.09699	13.6579
1.09709	13.772
1.0972	13.877
1.0973	13.9721
1.0974	14.0566
1.0975	14.1299
1.0976	14.1916
1.0977	14.2412
1.0978	14.2787
1.0979	14.3038
1.098	14.3165
1.0981	14.3168
1.09819	14.3049
1.09829	14.281
1.09839	14.2454
1.0985	14.1984
1.0986	14.1407
1.0987	14.0728
1.0988	13.9954
1.0989	13.9094
1.099	13.8157
1.0991	13.7153
1.0992	13.6096
1.0993	13.4998
1.0994	13.3874
1.09949	13.2739
1.09959	13.161
1.09969	13.0503
1.09979	12.9435
1.09989	12.8423
1.09999	12.7483
1.1001	13.025
1.1002	12.7721
1.1003	12.506
1.1004	12.2288
1.1005	11.9435
1.1006	11.6537
1.1007	11.3639
1.10079	11.0792
1.10089	10.8057
1.10099	10.5499
1.1011	10.3186
1.1012	10.1188
1.1013	9.9564
1.1014	9.83641
1.1015	9.76179
1.1016	9.73337
1.1017	9.74963
1.1018	9.80691
1.1019	9.89984
1.102	10.0219
1.1021	10.1661
1.1022	10.3255
1.10229	10.4933
1.10239	10.6636
1.10249	10.8312
1.1026	10.9917
1.1027	11.1416
1.1028	11.2778
1.1029	11.3981
1.103	11.5007
1.1031	11.5841
1.1032	11.6473
1.1033	11.6897
1.1034	11.7108
1.1035	11.7104
1.10359	11.6884
1.10369	11.6452
1.10379	11.5812
1.10389	11.497
1.10399	11.3938
1.10409	11.2728
1.1042	11.1359
1.1043	10.9852
1.10439	10.8236
1.1045	10.6546
1.1046	10.4822
1.1047	10.3113
1.1048	10.1476
1.10489	9.99732
1.10499	9.86696
1.10509	9.76314
1.1052	9.69204
1.1053	9.65883
1.1054	9.66715
1.1055	9.71874
1.1056	9.81317
1.1057	9.94796
1.1058	10.1189
1.1059	10.3203
1.106	10.5459
1.1061	10.7893
1.10619	11.0439
1.10629	11.3041
1.10639	11.5645
1.1065	11.8207
1.1066	12.069
1.1067	12.3062
1.1068	12.53
1.1069	12.7382
1.107	12.9293
1.1071	13.1022
1.1072	13.256
1.1073	13.3898
1.1074	13.5032
1.10749	13.5958
1.10759	13.6674
1.10769	13.7177
1.1078	13.7467
1.1079	13.7542
1.108	13.7403
1.1081	13.705
1.1082	13.6484
1.1083	13.5708
1.1084	13.4723
1.1085	13.3534
1.1086	13.2144
1.1087	13.0561
1.10879	12.8792
1.10889	12.6849
1.10899	12.4746
1.10909	12.25
1.10919	12.0135
1.10929	11.7677
1.1094	11.5162
1.1095	11.2629
1.1096	11.0128
1.10969	10.7712
1.10979	10.5442
1.1099	10.338
1.11	10.159
1.11009	10.0129
1.11019	9.90429
1.11029	9.83651
1.1104	9.8108
1.1105	9.8264
1.1106	9.88055
1.1107	9.96884
1.1108	10.0856
1.1109	10.2246
1.111	10.3793
1.1111	10.5433
1.1112	10.7109
1.1113	10.8768
1.11139	11.0365
1.11149	11.1861
1.11159	11.3225
1.1117	11.443
1.1118	11.5454
1.1119	11.6279
1.112	11.689
1.1121	11.7276
1.1122	11.7426
1.1123	11.7332
1.1124	11.6987
1.1125	11.6383
1.1126	11.5517
1.11269	11.4383
1.11279	11.2977
1.11289	11.1298
1.11299	10.9343
1.11309	10.7113
1.11319	10.4613
1.1133	10.1849
1.1134	9.88351
1.1135	9.55915
1.1136	9.21493
1.1137	8.85537
1.1138	8.48675
1.1139	8.11753
1.11399	7.75869
1.11409	7.42383
1.1142	7.1287
1.1143	6.89018
1.1144	6.72421
1.11449	6.64336
1.11459	6.6543
1.1147	6.75638
1.1148	6.94176
1.1149	7.19707
1.115	7.50598
1.1151	7.85168
1.1152	8.21863
1.11529	8.59362
1.11539	8.96605
1.11549	9.32775
1.1156	9.67271
1.1157	9.99658
1.1158	10.2963
1.1159	10.5699
1.116	10.816
1.1161	11.0337
1.1162	11.2225
1.1163	11.3821
1.1164	11.5125
1.1165	11.6135
1.11659	11.6851
1.11669	11.7274
1.11679	11.7404
1.1169	11.724
1.117	11.6783
1.1171	11.6031
1.1172	11.4985
1.1173	11.3644
1.1174	11.2008
1.1175	11.0078
1.1176	10.7859
1.1177	10.5354
1.1178	10.2575
1.1179	9.95349
1.11799	9.62584
1.11809	9.27794
1.11819	8.91474
1.11829	8.54307
1.11839	8.17217
1.11849	7.81398
1.1186	7.48319
1.11869	7.19675
1.11879	6.97249
1.1189	6.82685
1.119	6.77211
1.1191	6.81383
1.1192	6.94959
1.11929	7.16955
1.1194	7.45865
1.11949	7.79939
1.11959	8.1744
1.1197	8.56812
1.11979	8.96765
1.1199	9.36289
1.12	9.74626
1.1201	10.1123
1.1202	10.4572
1.1203	10.7785
1.1204	11.0746
1.1205	11.3446
1.12059	11.5879
1.12069	11.8047
1.12079	11.9949
1.1209	12.159
1.121	12.2973
1.1211	12.4104
1.1212	12.4988
1.1213	12.5632
1.1214	12.6043
1.1215	12.6229
1.1216	12.6198
1.1217	12.596
1.1218	12.5526
1.12189	12.4907
1.12199	12.4119
1.12209	12.3177
1.12219	12.2102
1.12229	12.0916
1.12239	11.9644
1.1225	11.8316
1.1226	11.6965
1.1227	11.5628
1.1228	11.4346
1.1229	11.316
1.123	11.2113
1.1231	11.1246
1.12319	11.0595
1.12329	11.0192
1.12339	11.0058
1.1235	11.0204
1.1236	11.063
1.1237	11.1322
1.1238	11.2258
1.1239	11.3408
1.124	11.4732
1.1241	11.6191
1.1242	11.7743
1.1243	11.9345
1.1244	12.0959
1.12449	12.2549
1.12459	12.4083
1.12469	12.5532
1.1248	12.6871
1.1249	12.8078
1.125	12.9137
1.1251	13.003
1.1252	13.0745
1.1253	13.127
1.1254	13.1595
1.1255	13.171
1.1256	13.1609
1.1257	13.1284
1.12579	13.0729
1.12589	12.9936
1.12599	12.8901
1.1261	12.7617
1.1262	12.6081
1.1263	12.4286
1.1264	12.2229
1.1265	11.9908
1.1266	11.732
1.1267	11.4468
1.1268	11.1354
1.1269	10.7991
1.127	10.4392
1.1271	10.0586
1.1272	9.66108
1.1273	9.25248
1.12739	8.84073
1.12749	8.43649
1.12759	8.05333
1.1277	7.70763
1.1278	7.41757
1.12789	7.20123
1.12799	7.0739
1.1281	7.04499
1.1282	7.11599
1.1283	7.28006
1.1284	7.52366
1.1285	7.82936
1.1286	8.17876
1.12869	8.55476
1.12879	8.94281
1.12889	9.33129
1.129	9.71143
1.1291	10.0768
1.1292	10.423
1.1293	10.7471
1.1294	11.0472
1.1295	11.3222
1.1296	11.5717
1.1297	11.7956
1.1298	11.9942
1.1299	12.168
1.12999	12.3175
1.13009	12.4436
1.13019	12.5471
1.13029	12.629
1.13039	12.6902
1.13049	12.7321
1.1306	12.7558
1.1307	12.7628
1.1308	12.7547
1.1309	12.7332
1.131	12.7003
1.1311	12.6581
1.1312	12.609
1.1313	12.5556
1.13139	12.5007
1.13149	12.447
1.13159	12.3978
1.13169	12.356
1.13179	12.3244
1.13189	12.306
1.132	12.3028
1.1321	12.3169
1.1322	12.3494
1.1323	12.401
1.1324	12.4714
1.1325	12.5599
1.1326	12.665
1.13269	12.7846
1.13279	12.9164
1.13289	13.0578
1.133	13.2058
1.1331	13.3577
1.1332	13.5108
1.1333	13.6624
1.1334	13.8102
1.1335	13.9519
1.1336	14.0856
1.1337	14.2096
1.1338	14.3223
1.1339	14.4224
1.13399	14.5088
1.13409	14.5805
1.13419	14.6366
1.13429	14.6764
1.13439	14.6993
1.13449	14.7048
1.1346	14.6923
1.1347	14.6615
1.1348	14.6121
1.1349	14.5439
1.135	14.4565
1.1351	14.35
1.1352	14.2242
1.13529	14.0791
1.13539	13.9151
1.13549	13.7322
1.13559	13.531
1.13569	13.3123
1.13579	13.0769
1.13589	12.8261
1.13599	12.5617
1.13609	12.2859
1.1362	12.0016
1.1363	11.7122
1.1364	11.4221
1.1365	11.1364
1.13659	10.8608
1.13669	10.6021
1.1368	10.3669
1.1369	10.1621
1.137	9.99409
1.13709	9.86781
1.1372	9.78661
1.1373	9.75163
1.1374	9.76168
1.1375	9.81339
1.1376	9.90161
1.1377	10.02
1.1378	10.1614
1.1379	10.319
1.13799	10.486
1.13809	10.6563
1.13819	10.8246
1.1383	10.9864
1.1384	11.138
1.1385	11.2763
1.1386	11.399
1.1387	11.5042
1.1388	11.5904
1.1389	11.6566
1.139	11.702
1.1391	11.7261
1.1392	11.7287
1.13929	11.7099
1.13939	11.6697
1.13949	11.6086
1.13959	11.5272
1.13969	11.4267
1.13979	11.3081
1.1399	11.1734
1.13999	11.0245
1.14009	10.8643
1.1402	10.696
1.1403	10.5238
1.1404	10.3524
1.1405	10.1873
1.14059	10.0347
1.14069	9.9011
1.14079	9.7931
1.1409	9.71698
1.141	9.67809
1.1411	9.68032
1.1412	9.72571
1.1413	9.81413
1.1414	9.94338
1.1415	10.1094
1.1416	10.3069
1.1417	10.5294
1.1418	10.7706
1.14189	11.0241
1.14199	11.2838
1.14209	11.5444
1.1422	11.8015
1.1423	12.0511
1.1424	12.2901
1.1425	12.5159
1.1426	12.7264
1.1427	12.9201
1.1428	13.0957
1.1429	13.2522
1.143	13.3889
1.1431	13.5053
1.14319	13.6009
1.14329	13.6755
1.14339	13.7288
1.1435	13.7608
1.1436	13.7714
1.1437	13.7606
1.1438	13.7283
1.1439	13.6748
1.144	13.6002
1.1441	13.5047
1.1442	13.3886
1.1443	13.2525
1.1444	13.0968
1.14449	12.9226
1.14459	12.7307
1.14469	12.5226
1.14479	12.2999
1.14489	12.0649
1.14499	11.8203
1.1451	11.5693
1.1452	11.3161
1.1453	11.0652
1.1454	10.822
1.14549	10.5925
1.1456	10.383
1.1457	10.1997
1.14579	10.0485
1.14589	9.93436
1.14599	9.86063
1.1461	9.82891
1.1462	9.83873
1.1463	9.88761
1.1464	9.97134
1.1465	10.0844
1.1466	10.2206
1.1467	10.3735
1.1468	10.5365
1.1469	10.7039
1.147	10.8704
1.14709	11.0312
1.14719	11.1825
1.14729	11.3209
1.1474	11.4438
1.1475	11.5489
1.1476	11.6344
1.1477	11.6986
1.1478	11.7405
1.1479	11.759
1.148	11.7531
1.1481	11.7222
1.1482	11.6656
1.1483	11.5827
1.14839	11.4732
1.14849	11.3365
1.14859	11.1725
1.14869	10.9809
1.14879	10.7619
1.14889	10.5157
1.149	10.243
1.1491	9.94504
1.1492	9.62379
1.1493	9.28217
1.1494	8.92447
1.1495	8.55667
1.1496	8.18693
1.14969	7.82583
1.14979	7.48662
1.1499	7.1848
1.15	6.93716
1.1501	6.75995
1.15019	6.66637
1.15029	6.66406
1.1504	6.75345
1.1505	6.92764
1.1506	7.17392
1.1507	7.47622
1.1508	7.81766
1.1509	8.18244
1.15099	8.55699
1.15109	8.93034
1.15119	9.29399
1.1513	9.64164
1.1514	9.96873
1.1515	10.2721
1.1516	10.5495
1.1517	10.7995
1.1518	11.0213
1.1519	11.2143
1.152	11.3781
1.1521	11.5126
1.1522	11.6178
1.15229	11.6937
1.15239	11.7402
1.15249	11.7574
1.1526	11.7452
1.1527	11.7036
1.1528	11.6327
1.1529	11.5322
1.153	11.4023
1.1531	11.2429
1.1532	11.0542
1.1533	10.8364
1.1534	10.5899
1.1535	10.3158
1.1536	10.0154
1.1537	9.69099
1.15379	9.34572
1.15389	8.98433
1.15399	8.61337
1.15409	8.2417
1.15419	7.88085
1.15429	7.54515
1.15439	7.25129
1.15449	7.01707
1.15459	6.85932
1.1547	6.79108
1.1548	6.81898
1.1549	6.94175
1.155	7.15051
1.15509	7.43078
1.15519	7.76523
1.15529	8.13635
1.1554	8.52825
1.1555	8.92764
1.1556	9.32401
1.1557	9.70945
1.1558	10.0782
1.1559	10.4264
1.156	10.7512
1.1561	11.0509
1.1562	11.3246
1.1563	11.5718
1.15639	11.7924
1.15649	11.9864
1.15659	12.1542
1.1567	12.2961
1.1568	12.4128
1.15689	12.5047
1.157	12.5725
1.1571	12.6169
1.1572	12.6386
1.1573	12.6386
1.1574	12.6177
1.1575	12.5769
1.1576	12.5176
1.15769	12.4411
1.15779	12.3491
1.15789	12.2433
1.15799	12.1261
1.15809	12
1.15819	11.8678
1.15829	11.7328
1.1584	11.5987
1.1585	11.4694
1.1586	11.3492
1.1587	11.2423
1.1588	11.1527
1.1589	11.0844
1.15899	11.0404
1.15909	11.0231
1.15919	11.0336
1.1593	11.0722
1.1594	11.1377
1.1595	11.2281
1.1596	11.3402
1.1597	11.4704
1.1598	11.6146
1.1599	11.7687
1.16	11.9285
1.1601	12.09
1.1602	12.2495
1.16029	12.4039
1.16039	12.5501
1.16049	12.6857
1.1606	12.8085
1.1607	12.9165
1.1608	13.0083
1.1609	13.0824
1.161	13.1377
1.1611	13.1731
1.1612	13.1877
1.1613	13.1808
1.1614	13.1515
1.1615	13.0993
1.16159	13.0234
1.16169	12.9234
1.16179	12.7986
1.1619	12.6486
1.162	12.4728
1.1621	12.2709
1.1622	12.0426
1.1623	11.7876
1.1624	11.5061
1.1625	11.1985
1.1626	10.8656
1.1627	10.509
1.1628	10.1311
1.1629	9.73572
1.163	9.32827
1.16309	8.91639
1.16319	8.51031
1.16329	8.1232
1.1634	7.77106
1.1635	7.47191
1.16359	7.24401
1.16369	7.10322
1.1638	7.05996
1.1639	7.11692
1.164	7.2684
1.1641	7.50165
1.1642	7.7996
1.1643	8.14386
1.16439	8.51702
1.16449	8.90412
1.16459	9.29315
1.1647	9.67492
1.1648	10.0427
1.1649	10.3919
1.165	10.7193
1.1651	11.0228
1.1652	11.3015
1.1653	11.5546
1.1654	11.7822
1.1655	11.9844
1.1656	12.1617
1.16569	12.3146
1.16579	12.444
1.16589	12.5507
1.16599	12.6356
1.16609	12.6997
1.16619	12.7443
1.1663	12.7705
1.1664	12.7798
1.1665	12.7737
1.1666	12.7541
1.1667	12.7227
1.1668	12.6817
1.1669	12.6334
1.16699	12.5804
1.1671	12.5255
1.1672	12.4715
1.16729	12.4215
1.1674	12.3784
1.1675	12.3452
1.1676	12.3247
1.1677	12.3193
1.1678	12.3308
1.1679	12.3607
1.168	12.4095
1.1681	12.4773
1.1682	12.5633
1.16829	12.6661
1.16839	12.7838
1.16849	12.914
1.1686	13.0541
1.1687	13.2014
1.1688	13.3529
1.1689	13.506
1.169	13.658
1.1691	13.8064
1.1692	13.9491
1.1693	14.0841
1.1694	14.2095
1.1695	14.3239
1.16959	14.4259
1.16969	14.5144
1.16979	14.5882
1.1699	14.6466
1.17	14.6888
1.17009	14.7141
1.1702	14.7221
1.1703	14.7122
1.1704	14.6841
1.1705	14.6374
1.1706	14.5718
1.1707	14.4872
1.1708	14.3834
1.17089	14.2603
1.17099	14.118
1.17109	13.9567
1.17119	13.7765
1.17129	13.5779
1.17139	13.3616
1.1715	13.1285
1.17159	12.8798
1.17169	12.6173
1.17179	12.3429
1.1719	12.0596
1.172	11.7707
1.1721	11.4804
1.17219	11.1937
1.17229	10.9164
1.17239	10.6548
1.1725	10.4158
1.1726	10.2063
1.17269	10.0327
1.1728	9.90017
1.1729	9.8124
1.173	9.77084
1.1731	9.77462
1.1732	9.82066
1.1733	9.90403
1.1734	10.0185
1.1735	10.1571
1.1736	10.3128
1.1737	10.4788
1.17379	10.649
1.17389	10.8179
1.17399	10.9808
1.1741	11.1341
1.1742	11.2745
1.1743	11.3995
1.1744	11.5073
1.1745	11.5963
1.1746	11.6654
1.1747	11.7138
1.1748	11.741
1.1749	11.7467
1.175	11.7309
1.17509	11.6937
1.17519	11.6356
1.17529	11.5571
1.17539	11.4592
1.17549	11.3431
1.17559	11.2106
1.1757	11.0636
1.1758	10.9048
1.1759	10.7374
1.176	10.5655
1.1761	10.3937
1.1762	10.2273
1.1763	10.0725
1.17639	9.9358
1.17649	9.82374
1.17659	9.74272
1.1767	9.69823
1.1768	9.69442
1.1769	9.73359
1.177	9.81595
1.1771	9.93958
1.1772	10.1007
1.1773	10.294
1.1774	10.5134
1.1775	10.7523
1.1776	11.0044
1.17769	11.2635
1.17779	11.5244
1.17789	11.7822
1.178	12.0331
1.1781	12.2738
1.1782	12.5016
1.1783	12.7144
1.1784	12.9106
1.1785	13.0888
1.1786	13.2481
1.1787	13.3876
1.1788	13.5069
1.1789	13.6055
1.17899	13.6832
1.17909	13.7396
1.17919	13.7746
1.1793	13.7883
1.1794	13.7805
1.1795	13.7513
1.1796	13.7008
1.1797	13.6292
1.1798	13.5366
1.1799	13.4234
1.18	13.2901
1.1801	13.1373
1.1802	12.9656
1.18029	12.7762
1.18039	12.5703
1.18049	12.3496
1.18059	12.1162
1.18069	11.8727
1.18079	11.6225
1.1809	11.3692
1.181	11.1177
1.18109	10.8731
1.18119	10.6412
1.18129	10.4285
1.1814	10.2411
1.1815	10.085
1.18159	9.96529
1.18169	9.88563
1.18179	9.8479
1.1819	9.85189
1.182	9.89541
1.1821	9.97448
1.1822	10.0837
1.1823	10.217
1.1824	10.3679
1.1825	10.5299
1.1826	10.697
1.1827	10.8639
1.1828	11.0257
1.18289	11.1786
1.18299	11.3191
1.18309	11.4444
1.1832	11.5521
1.1833	11.6405
1.1834	11.7078
1.1835	11.753
1.1836	11.7748
1.1837	11.7725
1.1838	11.7452
1.1839	11.6923
1.184	11.6132
1.1841	11.5075
1.18419	11.3747
1.18429	11.2146
1.18439	11.027
1.18449	10.8119
1.18459	10.5695
1.18469	10.3006
1.1848	10.0061
1.1849	9.68805
1.185	9.34911
1.1851	8.99338
1.1852	8.62659
1.1853	8.25653
1.1854	7.89345
1.18549	7.55021
1.1856	7.24203
1.1857	6.98562
1.1858	6.79744
1.18589	6.69129
1.18599	6.67574
1.1861	6.75229
1.1862	6.91503
1.1863	7.15195
1.1864	7.44729
1.1865	7.78414
1.1866	8.14648
1.1867	8.52037
1.18679	8.89446
1.18689	9.25993
1.18699	9.61018
1.1871	9.94044
1.1872	10.2473
1.1873	10.5286
1.1874	10.7826
1.1875	11.0084
1.1876	11.2055
1.1877	11.3735
1.1878	11.5123
1.1879	11.6216
1.188	11.7017
1.18809	11.7524
1.18819	11.7737
1.18829	11.7658
1.1884	11.7284
1.1885	11.6617
1.1886	11.5654
1.1887	11.4397
1.1888	11.2846
1.1889	11.1
1.189	10.8863
1.1891	10.6439
1.1892	10.3737
1.1893	10.0769
1.1894	9.75574
1.18949	9.4132
1.18959	9.05376
1.18969	8.68368
1.18979	8.31147
1.18989	7.94826
1.18999	7.608
1.19009	7.30708
1.19019	7.06326
1.19029	6.89367
1.1904	6.81206
1.1905	6.82611
1.1906	6.93571
1.1907	7.13297
1.19079	7.40405
1.19089	7.73186
1.19099	8.09876
1.1911	8.48857
1.1912	8.8876
1.1913	9.28494
1.1914	9.67234
1.1915	10.0438
1.1916	10.3951
1.1917	10.7233
1.1918	11.0267
1.1919	11.3042
1.192	11.5552
1.19209	11.7795
1.19219	11.9773
1.19229	12.1488
1.1924	12.2944
1.1925	12.4147
1.1926	12.5101
1.1927	12.5813
1.1928	12.629
1.1929	12.6539
1.193	12.6569
1.1931	12.6389
1.1932	12.601
1.1933	12.5442
1.19339	12.4701
1.19349	12.3802
1.19359	12.2762
1.19369	12.1605
1.19379	12.0355
1.19389	11.9039
1.194	11.7691
1.1941	11.6347
1.1942	11.5045
1.1943	11.3827
1.1944	11.2736
1.1945	11.1813
1.1946	11.1098
1.19469	11.0621
1.19479	11.0409
1.19489	11.0474
1.195	11.0821
1.1951	11.1439
1.1952	11.2308
1.1953	11.34
1.1954	11.4679
1.1955	11.6104
1.1956	11.7633
1.1957	11.9225
1.1958	12.084
1.1959	12.244
1.19599	12.3993
1.19609	12.5469
1.19619	12.6841
1.1963	12.8088
1.1964	12.9191
1.1965	13.0133
1.1966	13.09
1.1967	13.148
1.1968	13.1863
1.1969	13.204
1.197	13.2001
1.1971	13.1741
1.1972	13.1252
1.19729	13.0528
1.19739	12.9562
1.19749	12.835
1.1976	12.6887
1.1977	12.5166
1.1978	12.3184
1.1979	12.0939
1.198	11.8427
1.1981	11.565
1.1982	11.2611
1.1983	10.9317
1.1984	10.5783
1.1985	10.2033
1.19859	9.81014
1.1987	9.40401
1.1988	8.9922
1.19889	8.58455
1.199	8.19381
1.1991	7.83561
1.1992	7.52775
1.1993	7.28861
1.19939	7.13458
1.1995	7.07703
1.1996	7.11983
1.1997	7.25844
1.1998	7.48099
1.1999	7.77083
1.19999	8.10957
1.20009	13.7015
1.20019	13.7282
1.2003	13.738
1.2004	13.7309
1.20049	13.7069
1.2006	13.6663
1.2007	13.6094
1.2008	13.5368
1.2009	13.4491
1.201	13.3473
1.2011	13.2325
1.2012	13.1062
1.20129	12.9699
1.20139	12.8258
1.20149	12.6762
1.2016	12.5238
1.2017	12.3717
1.2018	12.2234
1.2019	12.0825
1.202	11.9529
1.2021	11.8385
1.2022	11.7429
1.2023	11.6694
1.2024	11.6208
1.2025	11.5987
1.2026	11.6041
1.2027	11.6369
1.20279	11.6956
1.20289	11.7782
1.20299	11.8816
1.2031	12.0026
1.2032	12.1371
1.2033	12.2815
1.2034	12.4317
1.2035	12.5844
1.2036	12.736
1.2037	12.8838
1.2038	13.025
1.2039	13.1575
1.204	13.2794
1.20409	13.389
1.20419	13.485
1.20429	13.5664
1.20439	13.6324
1.20449	13.6823
1.20459	13.7156
1.2047	13.732
1.2048	13.7313
1.2049	13.7134
1.205	13.6784
1.2051	13.6266
1.2052	13.5584
1.2053	13.4742
1.20539	13.3748
1.20549	13.2612
1.20559	13.1345
1.2057	12.9962
1.2058	12.8481
1.20589	12.6923
1.20599	12.5314
1.20609	12.3683
1.2062	12.2062
1.2063	12.0488
1.2064	11.9001
1.2065	11.7643
1.2066	11.6453
1.20669	11.5472
1.20679	11.4734
1.2069	11.4266
1.207	11.4084
1.20709	11.4197
1.2072	11.4599
1.2073	11.5273
1.2074	11.6194
1.2075	11.7329
1.2076	11.8639
1.2077	12.0083
1.2078	12.1619
1.2079	12.3208
1.20799	12.4813
1.20809	12.6399
1.20819	12.7938
1.2083	12.9404
1.2084	13.0774
1.20849	13.2031
1.2086	13.316
1.2087	13.4148
1.2088	13.4986
1.2089	13.5666
1.209	13.6183
1.2091	13.6533
1.2092	13.6713
1.20929	13.6724
1.2094	13.6566
1.20949	13.6241
1.2096	13.5752
1.2097	13.5105
1.2098	13.4306
1.2099	13.3366
1.21	13.2294
1.2101	13.1105
1.2102	12.9816
1.2103	12.8446
1.2104	12.7018
1.2105	12.5559
1.21059	12.41
1.21069	12.2674
1.21079	12.1317
1.2109	12.0066
1.211	11.8961
1.2111	11.8037
1.2112	11.7327
1.2113	11.6858
1.2114	11.6648
1.2115	11.6708
1.2116	11.7036
1.2117	11.7621
1.2118	11.8444
1.21189	11.9475
1.21199	12.0683
1.21209	12.2029
1.21219	12.3476
1.21229	12.4987
1.21239	12.6525
1.2125	12.8058
1.2126	12.9557
1.2127	13.0994
1.2128	13.2348
1.2129	13.36
1.213	13.4733
1.2131	13.5734
1.21319	13.6592
1.21329	13.7298
1.21339	13.7846
1.2135	13.8231
1.2136	13.8448
1.2137	13.8496
1.2138	13.8375
1.21389	13.8084
1.214	13.7626
1.2141	13.7003
1.2142	13.6221
1.2143	13.5286
1.2144	13.4207
1.21449	13.2994
1.21459	13.1661
1.21469	13.0225
1.2148	12.8704
1.2149	12.7123
1.215	12.5507
1.21509	12.3887
1.21519	12.2299
1.2153	12.0778
1.2154	11.9365
1.2155	11.81
1.2156	11.7021
1.2157	11.6164
1.21579	11.5557
1.21589	11.5223
1.21599	11.5171
1.2161	11.5403
1.2162	11.5906
1.2163	11.6662
1.2164	11.7639
1.2165	11.8804
1.2166	12.0117
1.2167	12.1539
1.2168	12.3029
1.2169	12.455
1.217	12.6068
1.21709	12.7551
1.21719	12.8973
1.21729	13.0311
1.21739	13.1544
1.21749	13.2656
1.21759	13.3633
1.2177	13.4465
1.2178	13.5144
1.2179	13.5661
1.218	13.6014
1.2181	13.6198
1.2182	13.6212
1.2183	13.6055
1.21839	13.573
1.21849	13.524
1.21859	13.4587
1.2187	13.3779
1.2188	13.2824
1.2189	13.1733
1.219	13.0517
1.2191	12.9194
1.2192	12.7783
1.2193	12.6305
1.2194	12.4788
1.2195	12.3262
1.2196	12.176
1.21969	12.032
1.21979	11.8981
1.21989	11.7783
1.22	11.6766
1.2201	11.5966
1.22019	11.5412
1.22026	11.5128
1.22031	11.5125
1.4033	13.9244
1.4034	13.7937
1.4035	13.6483
1.4036	13.4897
1.4037	13.3201
1.4038	13.1418
1.40385	12.9578
1.4041	12.5868
1.4042	12.4082
1.4043	12.2406
1.40439	12.089
1.4045	11.9585
1.4046	11.8538
1.4047	11.7791
1.4048	11.7375
1.4049	11.7307
1.405	11.7589
1.4051	11.821
1.40519	11.9143
1.40529	12.0351
1.40539	12.1787
1.4055	12.3401
1.4056	12.5143
1.4057	12.6963
1.4058	12.8815
1.4059	13.0658
1.406	13.2455
1.4061	13.4175
1.4062	13.5792
1.4063	13.7286
1.4064	13.8637
1.40649	13.9832
1.40659	14.0861
1.40669	14.1713
1.4068	14.2383
1.4069	14.2866
1.407	14.3158
1.4071	14.3258
1.40711	14.3165
1.4073	14.288
1.4074	14.2405
1.4075	14.1744
1.4076	14.0901
1.4077	13.9884
1.40779	13.8701
1.40789	13.7364
1.40794	13.5887
1.40829	13.0818
1.4084	12.9003
1.40844	12.7182
1.4085	12.6507
1.4086	12.5396
1.4087	12.3691
1.4088	12.2116
1.4089	12.072
1.409	11.9553
1.4091	11.8659
1.4092	11.8074
1.40929	11.7823
1.40939	11.7918
1.40949	11.8354
1.4096	11.9113
1.4097	12.0165
1.4098	12.1469
1.4099	12.2977
1.41	12.464
1.4101	12.6408
1.4102	12.8233
1.4103	13.0073
1.4104	13.1887
1.4105	13.3643
1.41059	13.5312
1.41069	13.6869
1.41079	13.8296
1.41089	13.9575
1.41099	14.0695
1.41109	14.1644
1.4112	14.2415
1.4113	14.3002
1.4114	14.3401
1.4115	14.3609
1.4116	14.3625
1.4117	14.3447
1.4118	14.3078
1.41189	14.252
1.41199	14.1776
1.41209	14.0852
1.4122	13.9756
1.4123	13.8496
1.4124	13.7085
1.4125	13.5538
1.4126	13.3874
1.4127	13.2116
1.4128	13.0292
1.4129	12.8434
1.413	12.658
1.4131	12.4774
1.41315	12.3061
1.41329	12.1494
1.41339	12.0121
1.4135	11.8993
1.4136	11.8152
1.41365	11.7632
1.4137	11.7516
1.4138	11.7455
1.4139	11.7628
1.414	11.8144
1.4141	11.898
1.4142	12.0102
1.4143	12.1466
1.4144	12.3024
1.41449	12.4724
1.41459	12.6516
1.41469	12.8353
1.4148	13.0193
1.4149	13.1998
1.415	13.3735
1.4151	13.5377
1.4152	13.6901
1.4153	13.8289
1.4154	13.9524
1.4155	14.0595
1.4156	14.1494
1.4157	14.2211
1.41579	14.2742
1.41589	14.3084
1.41599	14.3234
1.41609	14.3191
1.41618	14.2956
1.41629	14.253
1.4164	14.1915
1.4165	14.1118
1.4166	14.0143
1.4167	13.9
1.4168	13.7699
1.4169	13.6253
1.417	13.4679
1.41709	13.2998
1.41711	13.1236
1.41729	12.9421
1.4174	12.7589
1.4175	12.5779
1.4176	12.4037
1.4177	12.2411
1.4178	12.0952
1.4179	11.9708
1.418	11.8728
1.4181	11.8049
1.4182	11.77
1.4183	11.7697
1.41839	11.8041
1.41849	11.8716
1.41859	11.9696
1.4187	12.0941
1.4188	12.2405
1.4189	12.404
1.419	12.5793
1.4191	12.7618
1.4192	12.9468
1.4193	13.1303
1.4194	13.3088
1.4195	13.4794
1.4196	13.6394
1.41969	13.7868
1.41979	13.9198
1.41989	14.0372
1.41999	14.1377
1.42009	14.2207
1.4202	14.2853
1.4203	14.3312
1.4204	14.3581
1.4205	14.3657
1.4206	14.3541
1.4207	14.3232
1.4208	14.2733
1.4209	14.2048
1.421	14.1181
1.42109	14.0139
1.42119	13.8931
1.42129	13.7569
1.4214	13.6067
1.4215	13.4442
1.4216	13.2718
1.42169	13.0919
1.4218	12.9077
1.4219	12.7228
1.422	12.5415
1.4221	12.3682
1.4222	12.208
1.4223	12.0658
1.42239	11.9466
1.42249	11.8549
1.4226	11.7944
1.4227	11.7675
1.4228	11.7755
1.42289	11.8179
1.423	11.8929
1.4231	11.9973
1.42319	12.1272
1.4233	12.2776
1.4234	12.4437
1.4235	12.6203
1.4236	12.8027
1.4237	12.9865
1.42379	13.1678
1.42389	13.3432
1.42399	13.5098
1.4241	13.6653
1.4242	13.8076
1.4243	13.9351
1.4244	14.0466
1.4245	14.141
1.4246	14.2175
1.4247	14.2757
1.4248	14.3149
1.4249	14.3351
1.425	14.336
1.42509	14.3176
1.42519	14.2801
1.42529	14.2238
1.42539	14.1489
1.42549	14.0562
1.42559	13.9463
1.4257	13.8202
1.4258	13.6793
1.4259	13.525
1.42599	13.3594
1.42609	13.1847
1.4262	13.0039
1.4263	12.8202
1.42639	12.6375
1.42649	12.4602
1.42659	12.293
1.4267	12.1408
1.4268	12.0089
1.4269	11.9018
1.427	11.8239
1.4271	11.7783
1.4272	11.767
1.4273	11.7905
1.4274	11.8478
1.4275	11.9366
1.4276	12.0531
1.42769	12.1931
1.42779	12.3517
1.42789	12.5236
1.428	12.7042
1.4281	12.8886
1.42819	13.0727
1.4283	13.2528
1.4284	13.4257
1.4285	13.5889
1.4286	13.74
1.4287	13.8772
1.4288	13.9991
1.4289	14.1045
1.42899	14.1924
1.42909	14.2623
1.42919	14.3135
1.4293	14.3457
1.42939	14.3587
1.42949	14.3524
1.4296	14.3269
1.4297	14.2822
1.4298	14.2188
1.4299	14.137
1.43	14.0375
1.4301	13.9211
1.4302	13.7889
1.43029	13.6422
1.43039	13.4828
1.43049	13.3126
1.4306	13.1343
1.4307	12.9507
1.4308	12.7654
1.43089	12.5824
1.43099	12.4063
1.4311	12.2418
1.4312	12.094
1.4313	11.968
1.4314	11.8685
1.4315	11.7993
1.43159	11.7634
1.43169	11.7622
1.43179	11.7958
1.4319	11.8629
1.432	11.9604
1.4321	12.0846
1.4322	12.2308
1.43229	12.3941
1.4324	12.5693
1.4325	12.7515
1.4326	12.9363
1.4327	13.1195
1.4328	13.2977
1.43289	13.4679
1.43299	13.6274
1.43309	13.7743
1.4332	13.9068
1.43329	14.0236
1.43339	14.1235
1.4335	14.2058
1.4336	14.2697
1.4337	14.315
1.4338	14.3411
1.4339	14.348
1.434	14.3357
1.4341	14.3042
1.43419	14.2538
1.43429	14.1847
1.43439	14.0976
1.43449	13.9932
1.43459	13.8723
1.43469	13.7362
1.4348	13.5863
1.4349	13.4245
1.435	13.2529
1.4351	13.0744
1.4352	12.8921
1.4353	12.7096
1.4354	12.5312
1.43549	12.3614
1.43559	12.2052
1.43569	12.0677
1.4358	11.9536
1.4359	11.8674
1.436	11.8125
1.4361	11.7912
1.4362	11.8046
1.4363	11.852
1.4364	11.9315
1.4365	12.0397
1.4366	12.1726
1.4367	12.3254
1.43679	12.493
1.43689	12.6705
1.43699	12.8532
1.4371	13.0368
1.4372	13.2174
1.4373	13.3917
1.4374	13.5571
1.4375	13.7109
1.4376	13.8515
1.4377	13.9771
1.4378	14.0866
1.4379	14.179
1.438	14.2534
1.43809	14.3094
1.43819	14.3464
1.43829	14.3644
1.43839	14.363
1.43849	14.3423
1.43859	14.3025
1.4387	14.2438
1.4388	14.1666
1.4389	14.0714
1.439	13.9591
1.4391	13.8306
1.4392	13.6872
1.4393	13.5304
1.4394	13.3622
1.4395	13.185
1.4396	13.0016
1.43969	12.8153
1.43979	12.6302
1.43989	12.4505
1.44	12.281
1.4401	12.1267
1.4402	11.9929
1.4403	11.8843
1.4404	11.8051
1.4405	11.7586
1.4406	11.7467
1.4407	11.77
1.4408	11.8274
1.4409	11.9165
1.44099	12.0336
1.44109	12.1742
1.44119	12.3334
1.4413	12.5061
1.4414	12.6873
1.4415	12.8723
1.4416	13.0569
1.4417	13.2375
1.4418	13.4108
1.4419	13.5741
1.442	13.7253
1.4421	13.8626
1.4422	13.9844
1.44229	14.0897
1.44239	14.1775
1.44249	14.2471
1.4426	14.2981
1.4427	14.3301
1.4428	14.3428
1.4429	14.3363
1.443	14.3105
1.4431	14.2658
1.4432	14.2023
1.4433	14.1205
1.4434	14.0212
1.4435	13.9053
1.44359	13.7737
1.44369	13.6279
1.44379	13.4696
1.44389	13.3011
1.44399	13.1247
1.44409	12.9437
1.44419	12.7614
1.44429	12.582
1.44439	12.4101
1.4445	12.2504
1.4446	12.1079
1.4447	11.9876
1.4448	11.8941
1.44489	11.831
1.445	11.8011
1.44509	11.8056
1.4452	11.8444
1.4453	11.9159
1.4454	12.0171
1.4455	12.1442
1.4456	12.2924
1.4457	12.4568
1.4458	12.6324
1.4459	12.8144
1.446	12.9984
1.4461	13.1804
1.44619	13.357
1.44629	13.5253
1.44639	13.6827
1.44649	13.8274
1.44659	13.9575
1.44669	14.0718
1.4468	14.1692
1.4469	14.2489
1.447	14.3103
1.4471	14.3529
1.4472	14.3764
1.4473	14.3807
1.4474	14.3657
1.44749	14.3315
1.44759	14.2784
1.44769	14.2066
1.4478	14.1168
1.4479	14.0095
1.448	13.8858
1.4481	13.7468
1.4482	13.5939
1.4483	13.4291
1.4484	13.2545
1.4485	13.0728
1.4486	12.8873
1.4487	12.7016
1.44879	12.52
1.44889	12.3471
1.44899	12.188
1.4491	12.0476
1.4492	11.931
1.44929	11.8426
1.44939	11.7858
1.4495	11.7631
1.4496	11.7755
1.4497	11.8223
1.4498	11.9015
1.4499	12.0099
1.45	12.1431
1.45009	12.2964
1.45019	12.4647
1.45029	12.6429
1.4504	12.8263
1.4505	13.0105
1.4506	13.1917
1.4507	13.3665
1.4508	13.5323
1.4509	13.6865
1.451	13.8272
1.4511	13.953
1.4512	14.0626
1.4513	14.1549
1.45139	14.2293
1.45149	14.2851
1.45159	14.322
1.45169	14.3397
1.45179	14.3382
1.45189	14.3174
1.452	14.2775
1.4521	14.2187
1.4522	14.1416
1.4523	14.0466
1.4524	13.9346
1.4525	13.8067
1.4526	13.664
1.45269	13.5084
1.45279	13.3417
1.45289	13.1664
1.453	12.9855
1.4531	12.8023
1.4532	12.6207
1.4533	12.4453
1.4534	12.2807
1.4535	12.1321
1.4536	12.0044
1.4537	11.9023
1.4538	11.8299
1.4539	11.7902
1.454	11.7849
1.4541	11.8144
1.45419	11.8773
1.45429	11.9712
1.45439	12.0921
1.4545	12.2357
1.4546	12.3971
1.4547	12.571
1.4548	12.7527
1.4549	12.9376
1.455	13.1216
1.4551	13.301
1.4552	13.4729
1.4553	13.6345
1.4554	13.7838
1.45549	13.919
1.45559	14.0387
1.45569	14.1417
1.45579	14.2272
1.45589	14.2945
1.45599	14.3431
1.4561	14.3727
1.4562	14.3831
1.4563	14.3742
1.4564	14.3461
1.45649	14.2989
1.4566	14.233
1.4567	14.1488
1.45679	14.0471
1.45689	13.9286
1.45699	13.7946
1.45709	13.6462
1.4572	13.4854
1.4573	13.3142
1.4574	13.1352
1.45749	12.9514
1.4576	12.7664
1.4577	12.5843
1.4578	12.4096
1.4579	12.2472
1.458	12.1021
1.45809	11.9793
1.45819	11.8835
1.45829	11.8183
1.4584	11.7865
1.4585	11.7895
1.45859	11.827
1.4587	11.8975
1.4588	11.998
1.4589	12.1245
1.459	12.2724
1.45909	12.4365
1.4592	12.6119
1.4593	12.7938
1.45939	12.9776
1.45949	13.1595
1.45959	13.3359
1.4597	13.5039
1.4598	13.6611
1.4599	13.8054
1.46	13.9351
1.4601	14.0489
1.4602	14.1458
1.4603	14.225
1.4604	14.2858
1.4605	14.3278
1.4606	14.3507
1.46069	14.3543
1.46079	14.3387
1.46089	14.304
1.46099	14.2503
1.46109	14.178
1.46119	14.0878
1.4613	13.9803
1.4614	13.8565
1.4615	13.7176
1.4616	13.5651
1.46169	13.4009
1.4618	13.2274
1.4619	13.0473
1.462	12.8638
1.46209	12.6807
1.46219	12.5023
1.46229	12.3333
1.4624	12.1788
1.4625	12.0436
1.4626	11.9327
1.4627	11.8504
1.4628	11.8
1.4629	11.7838
1.463	11.8023
1.4631	11.8549
1.4632	11.9394
1.4633	12.0522
1.46339	12.1892
1.46349	12.3454
1.46359	12.5157
1.4637	12.6953
1.4638	12.8794
1.46389	13.0638
1.464	13.2447
1.4641	13.4189
1.4642	13.5836
1.4643	13.7365
1.4644	13.8758
1.4645	14
1.4646	14.1078
1.46469	14.1983
1.46479	14.2708
1.46489	14.3247
1.465	14.3596
1.46509	14.3754
1.46519	14.3718
1.4653	14.349
1.4654	14.3071
1.4655	14.2463
1.4656	14.1671
1.4657	14.0701
1.4658	13.956
1.4659	13.826
1.46599	13.6813
1.46609	13.5236
1.46619	13.3548
1.4663	13.1775
1.4664	12.9944
1.4665	12.8091
1.46659	12.6256
1.46669	12.4481
1.4668	12.2817
1.4669	12.1312
1.467	12.0018
1.4671	11.8982
1.4672	11.8245
1.46729	11.7837
1.46739	11.7775
1.46749	11.8062
1.4676	11.8686
1.4677	11.962
1.4678	12.0827
1.4679	12.2261
1.46799	12.3872
1.4681	12.561
1.4682	12.7425
1.4683	12.9272
1.4684	13.1109
1.4685	13.29
1.46859	13.4615
1.46869	13.6227
1.46879	13.7715
1.4689	13.9061
1.469	14.0252
1.46909	14.1276
1.4692	14.2124
1.4693	14.279
1.4694	14.327
1.4695	14.3559
1.4696	14.3655
1.4697	14.356
1.4698	14.3272
1.46989	14.2794
1.46999	14.213
1.47009	14.1284
1.47019	14.0264
1.47029	13.9078
1.47039	13.7738
1.4705	13.6258
1.4706	13.4655
1.4707	13.2952
1.4708	13.1175
1.4709	12.9355
1.471	12.7528
1.4711	12.5735
1.47119	12.4022
1.47129	12.2438
1.47139	12.1033
1.4715	11.9856
1.4716	11.8952
1.4717	11.8356
1.4718	11.8095
1.4719	11.8179
1.472	11.8605
1.4721	11.9356
1.4722	12.04
1.4723	12.1696
1.4724	12.3198
1.47249	12.4856
1.47259	12.662
1.47269	12.8443
1.4728	13.0279
1.4729	13.2092
1.473	13.3846
1.4731	13.5514
1.4732	13.707
1.4733	13.8496
1.4734	13.9775
1.4735	14.0893
1.4736	14.1842
1.4737	14.2612
1.47379	14.3198
1.47389	14.3596
1.47399	14.3803
1.47409	14.3817
1.47419	14.3638
1.47429	14.3267
1.4744	14.2707
1.4745	14.1961
1.4746	14.1034
1.4747	13.9935
1.4748	13.8672
1.4749	13.7258
1.475	13.5708
1.4751	13.4041
1.4752	13.228
1.4753	13.0453
1.47539	12.8593
1.47549	12.6737
1.47559	12.4929
1.4757	12.3217
1.4758	12.165
1.4759	12.0279
1.476	11.9154
1.4761	11.8318
1.4762	11.7805
1.4763	11.7636
1.4764	11.7819
1.4765	11.8345
1.4766	11.9193
1.47669	12.0326
1.47679	12.1702
1.47689	12.3271
1.477	12.4981
1.4771	12.6784
1.4772	12.8631
1.4773	13.0481
1.4774	13.2294
1.4775	13.4039
1.4776	13.5688
1.4777	13.7219
1.4778	13.8612
1.4779	13.9853
1.47799	14.093
1.47809	14.1834
1.47819	14.2556
1.4783	14.3093
1.4784	14.344
1.4785	14.3595
1.4786	14.3557
1.4787	14.3327
1.4788	14.2906
1.4789	14.2298
1.479	14.1506
1.4791	14.0538
1.4792	13.9401
1.47929	13.8107
1.47939	13.6668
1.47949	13.5103
1.47959	13.343
1.47969	13.1676
1.47979	12.987
1.4799	12.8047
1.47999	12.6246
1.48009	12.4513
1.4802	12.2896
1.4803	12.1443
1.4804	12.0206
1.4805	11.923
1.48059	11.8554
1.4807	11.8206
1.48079	11.8201
1.4809	11.8541
1.481	11.9211
1.4811	12.0183
1.4812	12.1419
1.4813	12.2874
1.4814	12.4498
1.4815	12.6241
1.4816	12.8055
1.4817	12.9894
1.4818	13.172
1.48189	13.3495
1.48199	13.5192
1.48209	13.6783
1.48219	13.8249
1.48229	13.9572
1.48239	14.0738
1.4825	14.1737
1.4826	14.2559
1.4827	14.32
1.4828	14.3653
1.4829	14.3915
1.483	14.3986
1.4831	14.3864
1.48319	14.3549
1.48329	14.3045
1.48339	14.2353
1.4835	14.148
1.4836	14.0432
1.4837	13.9218
1.4838	13.7848
1.4839	13.6339
1.484	13.4706
1.4841	13.2972
1.4842	13.1164
1.4843	12.9312
1.4844	12.7453
1.48449	12.5628
1.48459	12.3884
1.48469	12.227
1.4848	12.0837
1.4849	11.9634
1.48499	11.8707
1.48509	11.8092
1.4852	11.7816
1.4853	11.7889
1.4854	11.8309
1.4855	11.9057
1.4856	12.0101
1.4857	12.1401
1.48579	12.2908
1.48589	12.4572
1.48599	12.6343
1.4861	12.8172
1.4862	13.0016
1.4863	13.1834
1.4864	13.3594
1.4865	13.5266
1.4866	13.6825
1.4867	13.8253
1.4868	13.9533
1.4869	14.0653
1.487	14.1601
1.48709	14.2371
1.48719	14.2956
1.48729	14.3352
1.48739	14.3557
1.48749	14.3569
1.48759	14.3389
1.4877	14.3017
1.4878	14.2456
1.4879	14.171
1.488	14.0786
1.4881	13.9689
1.4882	13.8432
1.4883	13.7026
1.48839	13.5487
1.48849	13.3834
1.48859	13.2092
1.4887	13.0289
1.4888	12.8458
1.4889	12.6637
1.489	12.4871
1.4891	12.3207
1.4892	12.1695
1.4893	12.0385
1.4894	11.9325
1.4895	11.8556
1.4896	11.8111
1.4897	11.8009
1.4898	11.8254
1.48989	11.8837
1.48999	11.9733
1.49009	12.0907
1.4902	12.2314
1.4903	12.3904
1.4904	12.5629
1.4905	12.7438
1.4906	12.9285
1.4907	13.1128
1.4908	13.2931
1.4909	13.4662
1.491	13.6295
1.4911	13.7807
1.49119	13.918
1.49129	14.0399
1.49139	14.1454
1.49149	14.2334
1.49155	14.3034
1.49161	14.3547
1.49211	14.3241
