Rx 0.0219286 1 1 1 9 4714285
Tx 0.0332143 1 1 1 8 
Tx 0.0342143 1 1 1 12 
Rx 0.0344083 4 1 1 9 304160
Rx 0.0379286 1 1 1 2 0
Rx 0.0379286 1 1 1 8 4714285
Rx 0.0389286 1 1 1 12 4714285
Rx 0.0389286 1 1 1 12 4714285
Tx 0.0522143 1 1 1 8 
Rx 0.0569286 1 1 1 2 0
Rx 0.0569286 1 1 1 2 0
Rx 0.0569286 1 1 1 8 4714285
Rx 0.0569286 1 1 1 8 4714285
Rx 0.213196 4 1 3 2 0
Rx 0.214496 4 1 3 2 0
Rx 0.215796 4 1 3 2 0
Rx 0.217096 4 1 3 2 0
Rx 0.218696 4 1 3 2 0
Rx 0.219696 4 1 3 2 0
Rx 0.220996 4 1 3 2 0
Rx 0.222596 4 1 3 2 0
Rx 0.223696 4 1 3 2 0
Rx 0.224996 4 1 3 2 0
Rx 0.226596 4 1 3 2 0
Rx 0.227596 4 1 3 2 0
Rx 0.228896 4 1 3 2 0
Rx 0.230296 4 1 3 2 0
Rx 0.231596 4 1 3 2 0
Rx 0.232896 4 1 3 2 0
Rx 0.234196 4 1 3 2 0
Rx 0.235496 4 1 3 2 0
Rx 0.236796 4 1 3 2 0
Rx 0.238096 4 1 3 2 0
Rx 0.239396 4 1 3 2 0
Rx 0.240996 4 1 3 2 0
Rx 0.241996 4 1 3 2 0
Rx 0.243296 4 1 3 2 0
Rx 0.244896 4 1 3 2 0
Rx 0.245896 4 1 3 2 0
Rx 0.247196 4 1 3 2 0
Rx 0.248496 4 1 3 2 0
Rx 0.249796 4 1 3 2 0
Rx 0.251096 4 1 3 2 0
Rx 0.252396 4 1 3 2 0
Rx 0.253996 4 1 3 2 0
Rx 0.255196 4 1 3 2 0
Rx 0.256496 4 1 3 2 0
Rx 0.257796 4 1 3 2 0
Rx 0.259392 4 1 3 2 0
Rx 0.260396 4 1 3 2 0
Rx 0.261696 4 1 3 2 0
Rx 0.262996 4 1 3 2 0
Rx 0.264296 4 1 3 2 0
Rx 0.265596 4 1 3 2 0
Rx 0.266896 4 1 3 2 0
Rx 0.268496 4 1 3 2 0
Rx 0.269496 4 1 3 2 0
Rx 0.270796 4 1 3 2 0
Rx 0.272096 4 1 3 2 0
Rx 0.273396 4 1 3 2 0
Rx 0.274696 4 1 3 2 0
Rx 0.276296 4 1 3 2 0
Rx 0.277296 4 1 3 2 0
Rx 0.278596 4 1 3 2 0
Rx 0.279896 4 1 3 2 0
Rx 0.281596 4 1 3 2 0
Rx 0.282596 4 1 3 2 0
Rx 0.283896 4 1 3 2 0
Rx 0.285496 4 1 3 2 0
Rx 0.286496 4 1 3 2 0
Rx 0.287796 4 1 3 2 0
Rx 0.289496 4 1 3 2 0
Rx 0.290496 4 1 3 2 0
Rx 0.291796 4 1 3 2 0
Rx 0.293096 4 1 3 2 0
Rx 0.294696 4 1 3 2 0
Rx 0.295696 4 1 3 2 0
Rx 0.296996 4 1 3 2 0
Rx 0.298296 4 1 3 2 0
Rx 0.299596 4 1 3 2 0
Rx 0.300896 4 1 3 2 0
Rx 0.302196 4 1 3 2 0
Rx 0.303496 4 1 3 2 0
Rx 0.304996 4 1 3 2 0
Rx 0.306296 4 1 3 2 0
Rx 0.307596 4 1 3 2 0
Rx 0.308896 4 1 3 2 0
Rx 0.310196 4 1 3 2 0
Rx 0.311496 4 1 3 2 0
Rx 0.312796 4 1 3 2 0
Rx 0.314096 4 1 3 2 0
Rx 0.315396 4 1 3 2 0
Rx 0.316696 4 1 3 2 0
Rx 0.317996 4 1 3 2 0
Rx 0.319596 4 1 3 2 0
Rx 0.320596 4 1 3 2 0
Rx 0.321879 4 1 3 2 0
Rx 0.323179 4 1 3 2 0
Rx 0.324479 4 1 3 2 0
Rx 0.325771 4 1 3 2 0
Rx 0.327196 4 1 3 2 0
Rx 0.328479 4 1 3 2 0
Rx 0.329796 4 1 3 2 0
Rx 0.331371 4 1 3 2 0
Rx 0.332379 4 1 3 2 0
Rx 0.333679 4 1 3 2 0
Rx 0.334979 4 1 3 2 0
Rx 0.336279 4 1 3 2 0
Rx 0.337579 4 1 3 2 0
Rx 0.338896 4 1 3 2 0
Rx 0.340179 4 1 3 2 0
Rx 0.341596 4 1 3 2 0
Rx 0.342879 4 1 3 2 0
Rx 0.344179 4 1 3 2 0
Rx 0.345479 4 1 3 2 0
Rx 0.346771 4 1 3 2 0
Rx 0.348079 4 1 3 2 0
Rx 0.349379 4 1 3 2 0
Rx 0.350679 4 1 3 2 0
Rx 0.351979 4 1 3 2 0
Rx 0.353296 4 1 3 2 0
Rx 0.354596 4 1 3 2 0
Rx 0.355879 4 1 3 2 0
Rx 0.357196 4 1 3 2 0
Rx 0.358479 4 1 3 2 0
Rx 0.359779 4 1 3 2 0
Rx 0.361379 4 1 3 2 0
Rx 0.362396 4 1 3 2 0
Rx 0.363696 4 1 3 2 0
Rx 0.365096 4 1 3 2 0
Rx 0.366371 4 1 3 2 0
Rx 0.367679 4 1 3 2 0
Rx 0.368979 4 1 3 2 0
Rx 0.370279 4 1 3 2 0
Rx 0.371879 4 1 3 2 0
Rx 0.372879 4 1 3 2 0
Rx 0.374196 4 1 3 2 0
Rx 0.375496 4 1 3 2 0
Rx 0.376796 4 1 3 2 0
Rx 0.378079 4 1 3 2 0
Rx 0.379379 4 1 3 2 0
Rx 0.380679 4 1 3 2 0
Rx 0.381979 4 1 3 2 0
Rx 0.383279 4 1 3 2 0
Rx 0.384571 4 1 3 2 0
Rx 0.385879 4 1 3 2 0
Rx 0.387179 4 1 3 2 0
Rx 0.388479 4 1 3 2 0
Rx 0.389796 4 1 3 2 0
Rx 0.391079 4 1 3 2 0
Rx 0.392396 4 1 3 2 0
Rx 0.393679 4 1 3 2 0
Rx 0.394979 4 1 3 2 0
Rx 0.396596 4 1 3 2 0
Rx 0.397579 4 1 3 2 0
Rx 0.398896 4 1 3 2 0
Rx 0.400196 4 1 3 2 0
Rx 0.401462 4 1 3 2 0
Rx 0.402754 4 1 3 2 0
Rx 0.404062 4 1 3 2 0
Rx 0.405362 4 1 3 2 0
Rx 0.406662 4 1 3 2 0
Rx 0.407971 4 1 3 2 0
Rx 0.409271 4 1 3 2 0
Rx 0.410562 4 1 3 2 0
Rx 0.411862 4 1 3 2 0
Rx 0.413162 4 1 3 2 0
Rx 0.414462 4 1 3 2 0
Rx 0.415762 4 1 3 2 0
Rx 0.417062 4 1 3 2 0
Rx 0.418662 4 1 3 2 0
Rx 0.419662 4 1 3 2 0
Rx 0.420954 4 1 3 2 0
Rx 0.422262 4 1 3 2 0
Rx 0.423862 4 1 3 2 0
Rx 0.424871 4 1 3 2 0
Rx 0.426171 4 1 3 2 0
Rx 0.427462 4 1 3 2 0
Rx 0.428762 4 1 3 2 0
Rx 0.430062 4 1 3 2 0
Rx 0.431362 4 1 3 2 0
Rx 0.432662 4 1 3 2 0
Rx 0.433962 4 1 3 2 0
Rx 0.435262 4 1 3 2 0
Rx 0.436562 4 1 3 2 0
Rx 0.437862 4 1 3 2 0
Rx 0.439154 4 1 3 2 0
Rx 0.440462 4 1 3 2 0
Rx 0.441762 4 1 3 2 0
Rx 0.443354 4 1 3 2 0
Rx 0.444396 4 1 3 2 0
Rx 0.445662 4 1 3 2 0
Rx 0.447262 4 1 3 2 0
Rx 0.448271 4 1 3 2 0
Rx 0.449562 4 1 3 2 0
Rx 0.450862 4 1 3 2 0
Rx 0.452162 4 1 3 2 0
Rx 0.453496 4 1 3 2 0
Rx 0.454762 4 1 3 2 0
Rx 0.456062 4 1 3 2 0
Rx 0.457354 4 1 3 2 0
Rx 0.458662 4 1 3 2 0
Rx 0.459962 4 1 3 2 0
Rx 0.461262 4 1 3 2 0
Rx 0.462562 4 1 3 2 0
Rx 0.464162 4 1 3 2 0
Rx 0.465162 4 1 3 2 0
Rx 0.466462 4 1 3 2 0
Rx 0.467762 4 1 3 2 0
Rx 0.469062 4 1 3 2 0
Rx 0.470362 4 1 3 2 0
Rx 0.471671 4 1 3 2 0
Rx 0.472962 4 1 3 2 0
Rx 0.474262 4 1 3 2 0
Rx 0.475554 4 1 3 2 0
Rx 0.477162 4 1 3 2 0
Rx 0.478162 4 1 3 2 0
Rx 0.479471 4 1 3 2 0
Rx 0.480796 4 1 3 2 0
Rx 0.482062 4 1 3 2 0
Rx 0.483362 4 1 3 2 0
Rx 0.484962 4 1 3 2 0
Rx 0.485962 4 1 3 2 0
Rx 0.487262 4 1 3 2 0
Rx 0.488571 4 1 3 2 0
Rx 0.490162 4 1 3 2 0
Rx 0.491162 4 1 3 2 0
Rx 0.492462 4 1 3 2 0
Rx 0.493754 4 1 3 2 0
Rx 0.495362 4 1 3 2 0
Rx 0.496362 4 1 3 2 0
Rx 0.497671 4 1 3 2 0
Rx 0.498962 4 1 3 2 0
Rx 0.500579 4 1 3 2 0
Rx 0.501596 4 1 3 2 0
Rx 0.502879 4 1 3 2 0
Rx 0.504179 4 1 3 2 0
Rx 0.505479 4 1 3 2 0
Rx 0.506779 4 1 3 2 0
Rx 0.508096 4 1 3 2 0
Rx 0.509379 4 1 3 2 0
Rx 0.510696 4 1 3 2 0
Rx 0.512279 4 1 3 2 0
Rx 0.513279 4 1 3 2 0
Rx 0.514579 4 1 3 2 0
Rx 0.516171 4 1 3 2 0
Rx 0.517179 4 1 3 2 0
Rx 0.518479 4 1 3 2 0
Rx 0.519796 4 1 3 2 0
Rx 0.521079 4 1 3 2 0
Rx 0.522379 4 1 3 2 0
Rx 0.523679 4 1 3 2 0
Rx 0.525296 4 1 3 2 0
Rx 0.526279 4 1 3 2 0
Rx 0.527579 4 1 3 2 0
Rx 0.528879 4 1 3 2 0
Rx 0.530171 4 1 3 2 0
Rx 0.531479 4 1 3 2 0
Rx 0.532796 4 1 3 2 0
Rx 0.534079 4 1 3 2 0
Rx 0.535679 4 1 3 2 0
Rx 0.536679 4 1 3 2 0
Rx 0.537979 4 1 3 2 0
Rx 0.539579 4 1 3 2 0
Rx 0.540579 4 1 3 2 0
Rx 0.541879 4 1 3 2 0
Rx 0.543179 4 1 3 2 0
Rx 0.544479 4 1 3 2 0
Rx 0.545779 4 1 3 2 0
Rx 0.547079 4 1 3 2 0
Rx 0.548371 4 1 3 2 0
Rx 0.549679 4 1 3 2 0
Rx 0.550979 4 1 3 2 0
Rx 0.552571 4 1 3 2 0
Rx 0.553579 4 1 3 2 0
Rx 0.554879 4 1 3 2 0
Rx 0.556496 4 1 3 2 0
Rx 0.557479 4 1 3 2 0
Rx 0.558779 4 1 3 2 0
Rx 0.560071 4 1 3 2 0
Rx 0.561379 4 1 3 2 0
Rx 0.562679 4 1 3 2 0
Rx 0.563979 4 1 3 2 0
Rx 0.565279 4 1 3 2 0
Rx 0.566571 4 1 3 2 0
Rx 0.567879 4 1 3 2 0
Rx 0.569179 4 1 3 2 0
Rx 0.570479 4 1 3 2 0
Rx 0.571779 4 1 3 2 0
Rx 0.573079 4 1 3 2 0
Rx 0.574379 4 1 3 2 0
Rx 0.575679 4 1 3 2 0
Rx 0.576979 4 1 3 2 0
Rx 0.578279 4 1 3 2 0
Rx 0.579596 4 1 3 2 0
Rx 0.580879 4 1 3 2 0
Rx 0.582196 4 1 3 2 0
Rx 0.583479 4 1 3 2 0
Rx 0.584771 4 1 3 2 0
Rx 0.586079 4 1 3 2 0
Rx 0.587679 4 1 3 2 0
Rx 0.588679 4 1 3 2 0
Rx 0.589979 4 1 3 2 0
Rx 0.591279 4 1 3 2 0
Rx 0.592579 4 1 3 2 0
Rx 0.593879 4 1 3 2 0
Rx 0.595179 4 1 3 2 0
Rx 0.596779 4 1 3 2 0
Rx 0.597779 4 1 3 2 0
Rx 0.599079 4 1 3 2 0
Rx 0.600679 4 1 3 2 0
Rx 0.601696 4 1 3 2 0
Rx 0.602975 4 1 3 2 0
Rx 0.604296 4 1 3 2 0
Rx 0.605896 4 1 3 2 0
Rx 0.606879 4 1 3 2 0
Rx 0.608196 4 1 3 2 0
Rx 0.609496 4 1 3 2 0
Rx 0.610779 4 1 3 2 0
Rx 0.612079 4 1 3 2 0
Rx 0.613379 4 1 3 2 0
Rx 0.614679 4 1 3 2 0
Rx 0.616279 4 1 3 2 0
Rx 0.617279 4 1 3 2 0
Rx 0.618579 4 1 3 2 0
Rx 0.619896 4 1 3 2 0
Rx 0.621479 4 1 3 2 0
Rx 0.622479 4 1 3 2 0
Rx 0.623779 4 1 3 2 0
Rx 0.625079 4 1 3 2 0
Rx 0.626379 4 1 3 2 0
Rx 0.627979 4 1 3 2 0
Rx 0.628979 4 1 3 2 0
Rx 0.630279 4 1 3 2 0
Rx 0.631579 4 1 3 2 0
Rx 0.632896 4 1 3 2 0
Rx 0.634196 4 1 3 2 0
Rx 0.635479 4 1 3 2 0
Rx 0.636779 4 1 3 2 0
Rx 0.638096 4 1 3 2 0
Rx 0.639496 4 1 3 2 0
Rx 0.640796 4 1 3 2 0
Rx 0.642079 4 1 3 2 0
Rx 0.643396 4 1 3 2 0
Rx 0.644696 4 1 3 2 0
Rx 0.645996 4 1 3 2 0
Rx 0.647279 4 1 3 2 0
Rx 0.648579 4 1 3 2 0
Rx 0.649879 4 1 3 2 0
Rx 0.651479 4 1 3 2 0
Rx 0.652479 4 1 3 2 0
Rx 0.653779 4 1 3 2 0
Rx 0.655096 4 1 3 2 0
Rx 0.656379 4 1 3 2 0
Rx 0.657679 4 1 3 2 0
Rx 0.658971 4 1 3 2 0
Rx 0.660279 4 1 3 2 0
Rx 0.661579 4 1 3 2 0
Rx 0.662879 4 1 3 2 0
Rx 0.664179 4 1 3 2 0
Rx 0.665479 4 1 3 2 0
Rx 0.666779 4 1 3 2 0
Rx 0.668096 4 1 3 2 0
Rx 0.669379 4 1 3 2 0
Rx 0.670679 4 1 3 2 0
Rx 0.672279 4 1 3 2 0
Rx 0.673279 4 1 3 2 0
Rx 0.674596 4 1 3 2 0
Rx 0.675896 4 1 3 2 0
Rx 0.677479 4 1 3 2 0
Rx 0.678696 4 1 3 2 0
Rx 0.679971 4 1 3 2 0
Rx 0.681296 4 1 3 2 0
Rx 0.682579 4 1 3 2 0
Rx 0.683879 4 1 3 2 0
Rx 0.685179 4 1 3 2 0
Rx 0.686479 4 1 3 2 0
Rx 0.688079 4 1 3 2 0
Rx 0.689079 4 1 3 2 0
Rx 0.690379 4 1 3 2 0
Rx 0.691679 4 1 3 2 0
Rx 0.692979 4 1 3 2 0
Rx 0.694279 4 1 3 2 0
Rx 0.695879 4 1 3 2 0
Rx 0.696879 4 1 3 2 0
Rx 0.698171 4 1 3 2 0
Rx 0.699479 4 1 3 2 0
Rx 0.700771 4 1 3 2 0
Rx 0.702071 4 1 3 2 0
Rx 0.703671 4 1 3 2 0
Rx 0.704671 4 1 3 2 0
Rx 0.705962 4 1 3 2 0
Rx 0.707571 4 1 3 2 0
Rx 0.708571 4 1 3 2 0
Rx 0.709871 4 1 3 2 0
Rx 0.711162 4 1 3 2 0
Rx 0.712796 4 1 3 2 0
Rx 0.713771 4 1 3 2 0
Rx 0.715071 4 1 3 2 0
Rx 0.716679 4 1 3 2 0
Rx 0.717971 4 1 3 2 0
Rx 0.718962 4 1 3 2 0
Rx 0.720496 4 1 3 2 0
Rx 0.722171 4 1 3 2 0
Rx 0.723162 4 1 3 2 0
Rx 0.724471 4 1 3 2 0
Rx 0.725775 4 1 3 2 0
Rx 0.727071 4 1 3 2 0
Rx 0.728662 4 1 3 2 0
Rx 0.729696 4 1 3 2 0
Rx 0.730971 4 1 3 2 0
Rx 0.732271 4 1 3 2 0
Rx 0.734096 4 1 3 2 0
Rx 0.735371 4 1 3 2 0
Rx 0.736362 4 1 3 2 0
Rx 0.737671 4 1 3 2 0
Rx 0.739271 4 1 3 2 0
Rx 0.740271 4 1 3 2 0
Rx 0.741554 4 1 3 2 0
Rx 0.743171 4 1 3 2 0
Rx 0.744171 4 1 3 2 0
Rx 0.745471 4 1 3 2 0
Rx 0.746762 4 1 3 2 0
Rx 0.748396 4 1 3 2 0
Rx 0.749371 4 1 3 2 0
Rx 0.750671 4 1 3 2 0
Rx 0.752279 4 1 3 2 0
Rx 0.753571 4 1 3 2 0
Rx 0.754562 4 1 3 2 0
Rx 0.757179 4 1 3 2 0
Rx 0.758762 4 1 3 2 0
Rx 0.759767 4 1 3 2 0
Rx 0.761371 4 1 3 2 0
Rx 0.762371 4 1 3 2 0
Rx 0.763954 4 1 3 2 0
Rx 0.764971 4 1 3 2 0
Rx 0.766571 4 1 3 2 0
Rx 0.767571 4 1 3 2 0
Rx 0.769162 4 1 3 2 0
Rx 0.770171 4 1 3 2 0
Rx 0.771462 4 1 3 2 0
Rx 0.772896 4 1 3 2 0
Rx 0.774471 4 1 3 2 0
Rx 0.775471 4 1 3 2 0
Rx 0.776762 4 1 3 2 0
Rx 0.778196 4 1 3 2 0
Rx 0.779771 4 1 3 2 0
Rx 0.781071 4 1 3 2 0
Rx 0.782062 4 1 3 2 0
Rx 0.783796 4 1 3 2 0
Rx 0.784771 4 1 3 2 0
Rx 0.786367 4 1 3 2 0
Rx 0.787371 4 1 3 2 0
Rx 0.788987 4 1 3 2 0
Rx 0.789962 4 1 3 2 0
Rx 0.791579 4 1 3 2 0
Rx 0.792571 4 1 3 2 0
Rx 0.793871 4 1 3 2 0
Rx 0.795171 4 1 3 2 0
Rx 0.796771 4 1 3 2 0
Rx 0.797771 4 1 3 2 0
Rx 0.799062 4 1 3 2 0
Rx 0.800354 4 1 3 2 0
Rx 0.801796 4 1 3 2 0
Rx 0.803071 4 1 3 2 0
Rx 0.804362 4 1 3 2 0
Rx 0.805962 4 1 3 2 0
Rx 0.806971 4 1 3 2 0
Rx 0.808262 4 1 3 2 0
Rx 0.809562 4 1 3 2 0
Rx 0.810862 4 1 3 2 0
Rx 0.812162 4 1 3 2 0
Rx 0.813771 4 1 3 2 0
Rx 0.815071 4 1 3 2 0
Rx 0.816296 4 1 3 2 0
Rx 0.817562 4 1 3 2 0
Rx 0.819162 4 1 3 2 0
Rx 0.820162 4 1 3 2 0
Rx 0.821454 4 1 3 2 0
Rx 0.822754 4 1 3 2 0
Rx 0.824062 4 1 3 2 0
Rx 0.825371 4 1 3 2 0
Rx 0.826954 4 1 3 2 0
Rx 0.827962 4 1 3 2 0
Rx 0.829262 4 1 3 2 0
Rx 0.830562 4 1 3 2 0
Rx 0.831862 4 1 3 2 0
Rx 0.833162 4 1 3 2 0
Rx 0.834762 4 1 3 2 0
Rx 0.835762 4 1 3 2 0
Rx 0.837071 4 1 3 2 0
Rx 0.838671 4 1 3 2 0
Rx 0.839662 4 1 3 2 0
Rx 0.840954 4 1 3 2 0
Rx 0.842571 4 1 3 2 0
Rx 0.843562 4 1 3 2 0
Rx 0.845154 4 1 3 2 0
Rx 0.846162 4 1 3 2 0
Rx 0.847462 4 1 3 2 0
Rx 0.848762 4 1 3 2 0
Rx 0.850062 4 1 3 2 0
Rx 0.851396 4 1 3 2 0
Rx 0.852662 4 1 3 2 0
Rx 0.853962 4 1 3 2 0
Rx 0.855262 4 1 3 2 0
Rx 0.856562 4 1 3 2 0
Rx 0.857862 4 1 3 2 0
Rx 0.859154 4 1 3 2 0
Rx 0.860462 4 1 3 2 0
Rx 0.862062 4 1 3 2 0
Rx 0.863062 4 1 3 2 0
Rx 0.864362 4 1 3 2 0
Rx 0.865662 4 1 3 2 0
Rx 0.866962 4 1 3 2 0
Rx 0.868262 4 1 3 2 0
Rx 0.869862 4 1 3 2 0
Rx 0.870862 4 1 3 2 0
Rx 0.872462 4 1 3 2 0
Rx 0.873496 4 1 3 2 0
Rx 0.874762 4 1 3 2 0
Rx 0.876062 4 1 3 2 0
Rx 0.877596 4 1 3 2 0
Rx 0.878896 4 1 3 2 0
Rx 0.880154 4 1 3 2 0
Rx 0.881762 4 1 3 2 0
Rx 0.882762 4 1 3 2 0
Rx 0.884062 4 1 3 2 0
Rx 0.885662 4 1 3 2 0
Rx 0.886662 4 1 3 2 0
Rx 0.887996 4 1 3 2 0
Rx 0.889396 4 1 3 2 0
Rx 0.890962 4 1 3 2 0
Rx 0.891962 4 1 3 2 0
Rx 0.893262 4 1 3 2 0
Rx 0.894562 4 1 3 2 0
Rx 0.895862 4 1 3 2 0
Rx 0.897162 4 1 3 2 0
Rx 0.898462 4 1 3 2 0
Rx 0.899754 4 1 3 2 0
Rx 0.901062 4 1 3 2 0
Rx 0.902362 4 1 3 2 0
Rx 0.903954 4 1 3 2 0
Rx 0.904962 4 1 3 2 0
Rx 0.906262 4 1 3 2 0
Rx 0.907562 4 1 3 2 0
Rx 0.908862 4 1 3 2 0
Rx 0.910162 4 1 3 2 0
Rx 0.911762 4 1 3 2 0
Rx 0.913071 4 1 3 2 0
Rx 0.914062 4 1 3 2 0
Rx 0.915362 4 1 3 2 0
Rx 0.916662 4 1 3 2 0
Rx 0.917954 4 1 3 2 0
Rx 0.919262 4 1 3 2 0
Rx 0.920962 4 1 3 2 0
Rx 0.921962 4 1 3 2 0
Rx 0.923262 4 1 3 2 0
Rx 0.924562 4 1 3 2 0
Rx 0.926162 4 1 3 2 0
Rx 0.927162 4 1 3 2 0
Rx 0.928462 4 1 3 2 0
Rx 0.929762 4 1 3 2 0
Rx 0.931062 4 1 3 2 0
Rx 0.932662 4 1 3 2 0
Rx 0.933662 4 1 3 2 0
Rx 0.934962 4 1 3 2 0
Rx 0.936262 4 1 3 2 0
Rx 0.93755 4 1 3 2 0
Rx 0.938862 4 1 3 2 0
Rx 0.940162 4 1 3 2 0
Rx 0.941462 4 1 3 2 0
Rx 0.942762 4 1 3 2 0
Rx 0.944062 4 1 3 2 0
Rx 0.945662 4 1 3 2 0
Rx 0.946962 4 1 3 2 0
Rx 0.947962 4 1 3 2 0
Rx 0.949262 4 1 3 2 0
Rx 0.950562 4 1 3 2 0
Rx 0.951862 4 1 3 2 0
Rx 0.953162 4 1 3 2 0
Rx 0.954462 4 1 3 2 0
Rx 0.95575 4 1 3 2 0
Rx 0.957062 4 1 3 2 0
Rx 0.958362 4 1 3 2 0
Rx 0.959662 4 1 3 2 0
Rx 0.960962 4 1 3 2 0
Rx 0.962262 4 1 3 2 0
Rx 0.963562 4 1 3 2 0
Rx 0.964862 4 1 3 2 0
Rx 0.966162 4 1 3 2 0
Rx 0.967462 4 1 3 2 0
Rx 0.968762 4 1 3 2 0
Rx 0.970062 4 1 3 2 0
Rx 0.971662 4 1 3 2 0
Rx 0.972662 4 1 3 2 0
Rx 0.97395 4 1 3 2 0
Rx 0.975162 4 1 3 2 0
Rx 0.976462 4 1 3 2 0
Rx 0.977762 4 1 3 2 0
Rx 0.979062 4 1 3 2 0
Rx 0.980362 4 1 3 2 0
Rx 0.981662 4 1 3 2 0
Rx 0.982962 4 1 3 2 0
Rx 0.984262 4 1 3 2 0
Rx 0.985562 4 1 3 2 0
Rx 0.986862 4 1 3 2 0
Rx 0.988162 4 1 3 2 0
Rx 0.989462 4 1 3 2 0
Rx 0.990754 4 1 3 2 0
Rx 0.992154 4 1 3 2 0
Rx 0.993462 4 1 3 2 0
Rx 0.995062 4 1 3 2 0
Rx 0.996062 4 1 3 2 0
Rx 0.997662 4 1 3 2 0
Rx 0.998662 4 1 3 2 0
Rx 0.999954 4 1 3 2 0
Rx 1.00126 4 1 3 2 0
Rx 1.00287 4 1 3 2 0
Rx 1.00387 4 1 3 2 0
Rx 1.00517 4 1 3 2 0
Rx 1.0065 4 1 3 2 0
Rx 1.00778 4 1 3 2 0
Rx 1.00907 4 1 3 2 0
Rx 1.01037 4 1 3 2 0
Rx 1.01197 4 1 3 2 0
Rx 1.01297 4 1 3 2 0
Rx 1.01427 4 1 3 2 0
Rx 1.01558 4 1 3 2 0
Rx 1.01688 4 1 3 2 0
Rx 1.01817 4 1 3 2 0
Rx 1.0198 4 1 3 2 0
Rx 1.02078 4 1 3 2 0
Rx 1.02208 4 1 3 2 0
Rx 1.02337 4 1 3 2 0
Rx 1.0247 4 1 3 2 0
Rx 1.02597 4 1 3 2 0
Rx 1.02726 4 1 3 2 0
Rx 1.02857 4 1 3 2 0
Rx 1.0302 4 1 3 2 0
Rx 1.03117 4 1 3 2 0
Rx 1.0326 4 1 3 2 0
Rx 1.03388 4 1 3 2 0
Rx 1.03517 4 1 3 2 0
Rx 1.03676 4 1 3 2 0
Rx 1.03776 4 1 3 2 0
Rx 1.0391 4 1 3 2 0
Rx 1.04037 4 1 3 2 0
Rx 1.0419 4 1 3 2 0
Rx 1.04318 4 1 3 2 0
Rx 1.04447 4 1 3 2 0
Rx 1.04577 4 1 3 2 0
Rx 1.04737 4 1 3 2 0
Rx 1.04837 4 1 3 2 0
Rx 1.04967 4 1 3 2 0
Rx 1.05128 4 1 3 2 0
Rx 1.05228 4 1 3 2 0
Rx 1.05358 4 1 3 2 0
Rx 1.05487 4 1 3 2 0
Rx 1.05648 4 1 3 2 0
Rx 1.05748 4 1 3 2 0
Rx 1.05878 4 1 3 2 0
Rx 1.0604 4 1 3 2 0
Rx 1.06137 4 1 3 2 0
Rx 1.06267 4 1 3 2 0
Rx 1.06427 4 1 3 2 0
Rx 1.06557 4 1 3 2 0
Rx 1.06657 4 1 3 2 0
Rx 1.06788 4 1 3 2 0
Rx 1.06917 4 1 3 2 0
Rx 1.07047 4 1 3 2 0
Rx 1.07176 4 1 3 2 0
Rx 1.07335 4 1 3 2 0
Rx 1.0747 4 1 3 2 0
Rx 1.07567 4 1 3 2 0
Rx 1.07698 4 1 3 2 0
Rx 1.07828 4 1 3 2 0
Rx 1.07958 4 1 3 2 0
Rx 1.08087 4 1 3 2 0
Rx 1.08217 4 1 3 2 0
Rx 1.08377 4 1 3 2 0
Rx 1.08477 4 1 3 2 0
Rx 1.0861 4 1 3 2 0
Rx 1.08768 4 1 3 2 0
Rx 1.08868 4 1 3 2 0
Rx 1.08997 4 1 3 2 0
Rx 1.0913 4 1 3 2 0
Rx 1.09258 4 1 3 2 0
Rx 1.09388 4 1 3 2 0
Rx 1.09517 4 1 3 2 0
Rx 1.09648 4 1 3 2 0
Rx 1.09777 4 1 3 2 0
Rx 1.09907 4 1 3 2 0
Rx 1.10067 4 1 3 2 0
Rx 1.1017 4 1 3 2 0
Rx 1.1033 4 1 3 2 0
Rx 1.1046 4 1 3 2 0
Rx 1.10557 4 1 3 2 0
Rx 1.10717 4 1 3 2 0
Rx 1.10817 4 1 3 2 0
Rx 1.10977 4 1 3 2 0
Rx 1.11078 4 1 3 2 0
Rx 1.11238 4 1 3 2 0
Rx 1.11338 4 1 3 2 0
Rx 1.1148 4 1 3 2 0
Rx 1.1161 4 1 3 2 0
Rx 1.1174 4 1 3 2 0
Rx 1.12 4 1 3 2 0
Rx 1.1216 4 1 3 2 0
Rx 1.12288 4 1 3 2 0
Rx 1.12388 4 1 3 2 0
Rx 1.12517 4 1 3 2 0
Rx 1.12647 4 1 3 2 0
Rx 1.1278 4 1 3 2 0
Rx 1.1291 4 1 3 2 0
Rx 1.13067 4 1 3 2 0
Rx 1.1319 4 1 3 2 0
Rx 1.13317 4 1 3 2 0
Rx 1.13476 4 1 3 2 0
Rx 1.13607 4 1 3 2 0
Rx 1.1373 4 1 3 2 0
Rx 1.1386 4 1 3 2 0
Rx 1.13988 4 1 3 2 0
Rx 1.14118 4 1 3 2 0
Rx 1.14248 4 1 3 2 0
Rx 1.14377 4 1 3 2 0
Rx 1.14538 4 1 3 2 0
Rx 1.1464 4 1 3 2 0
Rx 1.14798 4 1 3 2 0
Rx 1.14897 4 1 3 2 0
Rx 1.1505 4 1 3 2 0
Rx 1.1518 4 1 3 2 0
Rx 1.1531 4 1 3 2 0
Rx 1.1557 4 1 3 2 0
Rx 1.1573 4 1 3 2 0
Rx 1.15858 4 1 3 2 0
Rx 1.15958 4 1 3 2 0
Rx 1.16087 4 1 3 2 0
Rx 1.16217 4 1 3 2 0
Rx 1.1635 4 1 3 2 0
Rx 1.1648 4 1 3 2 0
Rx 1.1664 4 1 3 2 0
Rx 1.1677 4 1 3 2 0
Rx 1.16867 4 1 3 2 0
Rx 1.17026 4 1 3 2 0
Rx 1.17157 4 1 3 2 0
Rx 1.17258 4 1 3 2 0
Rx 1.1741 4 1 3 2 0
Rx 1.17568 4 1 3 2 0
Rx 1.17668 4 1 3 2 0
Rx 1.17798 4 1 3 2 0
Rx 1.17927 4 1 3 2 0
Rx 1.18087 4 1 3 2 0
Rx 1.1819 4 1 3 2 0
Rx 1.18318 4 1 3 2 0
Rx 1.18478 4 1 3 2 0
Rx 1.18578 4 1 3 2 0
Rx 1.1871 4 1 3 2 0
Rx 1.1884 4 1 3 2 0
Rx 1.19 4 1 3 2 0
Rx 1.191 4 1 3 2 0
Rx 1.1923 4 1 3 2 0
Rx 1.19387 4 1 3 2 0
Rx 1.19488 4 1 3 2 0
Rx 1.19618 4 1 3 2 0
Rx 1.19747 4 1 3 2 0
Rx 1.19877 4 1 3 2 0
Rx 1.2002 4 1 3 2 0
Rx 1.2015 4 1 3 2 0
Rx 1.203 4 1 3 2 0
Rx 1.20457 4 1 3 2 0
Rx 1.20556 4 1 3 2 0
Rx 1.20818 4 1 3 2 0
Rx 1.20947 4 1 3 2 0
Rx 1.21077 4 1 3 2 0
Rx 1.2124 4 1 3 2 0
Rx 1.21337 4 1 3 2 0
Rx 1.2147 4 1 3 2 0
Rx 1.216 4 1 3 2 0
Rx 1.21757 4 1 3 2 0
Rx 1.21856 4 1 3 2 0
Rx 1.22118 4 1 3 2 0
Rx 1.22247 4 1 3 2 0
Rx 1.22377 4 1 3 2 0
Rx 1.2255 4 1 3 2 0
Rx 1.22647 4 1 3 2 0
Rx 1.22777 4 1 3 2 0
Rx 1.2291 4 1 3 2 0
Rx 1.23067 4 1 3 2 0
Rx 1.23167 4 1 3 2 0
Rx 1.2332 4 1 3 2 0
Rx 1.23477 4 1 3 2 0
Rx 1.23577 4 1 3 2 0
Rx 1.23707 4 1 3 2 0
Rx 1.23838 4 1 3 2 0
Rx 1.23997 4 1 3 2 0
Rx 1.24096 4 1 3 2 0
Rx 1.24258 4 1 3 2 0
Rx 1.24389 4 1 3 2 0
Rx 1.24487 4 1 3 2 0
Rx 1.24617 4 1 3 2 0
Rx 1.2478 4 1 3 2 0
Rx 1.24877 4 1 3 2 0
Rx 1.2502 4 1 3 2 0
Rx 1.2515 4 1 3 2 0
Rx 1.25308 4 1 3 2 0
Rx 1.25407 4 1 3 2 0
Rx 1.2558 4 1 3 2 0
Rx 1.2568 4 1 3 2 0
Rx 1.25807 4 1 3 2 0
Rx 1.25937 4 1 3 2 0
Rx 1.261 4 1 3 2 0
Rx 1.26197 4 1 3 2 0
Rx 1.26327 4 1 3 2 0
Rx 1.2648 4 1 3 2 0
Rx 1.26637 4 1 3 2 0
Rx 1.26737 4 1 3 2 0
Rx 1.2689 4 1 3 2 0
Rx 1.27047 4 1 3 2 0
Rx 1.27177 4 1 3 2 0
Rx 1.27277 4 1 3 2 0
Rx 1.27408 4 1 3 2 0
Rx 1.27567 4 1 3 2 0
Rx 1.27666 4 1 3 2 0
Rx 1.27828 4 1 3 2 0
Rx 1.27958 4 1 3 2 0
Rx 1.28057 4 1 3 2 0
Rx 1.28187 4 1 3 2 0
Rx 1.2835 4 1 3 2 0
Rx 1.28477 4 1 3 2 0
Rx 1.2859 4 1 3 2 0
Rx 1.2872 4 1 3 2 0
Rx 1.28878 4 1 3 2 0
Rx 1.28977 4 1 3 2 0
Rx 1.29148 4 1 3 2 0
Rx 1.2925 4 1 3 2 0
Rx 1.29377 4 1 3 2 0
Rx 1.29507 4 1 3 2 0
Rx 1.2967 4 1 3 2 0
Rx 1.29767 4 1 3 2 0
Rx 1.29897 4 1 3 2 0
Rx 1.3006 4 1 3 2 0
Rx 1.30188 4 1 3 2 0
Rx 1.30318 4 1 3 2 0
Rx 1.3046 4 1 3 2 0
Rx 1.30587 4 1 3 2 0
Rx 1.30717 4 1 3 2 0
Rx 1.3085 4 1 3 2 0
Rx 1.30977 4 1 3 2 0
Rx 1.3111 4 1 3 2 0
Rx 1.3125 4 1 3 2 0
Rx 1.31378 4 1 3 2 0
Rx 1.31507 4 1 3 2 0
Rx 1.3164 4 1 3 2 0
Rx 1.31768 4 1 3 2 0
Rx 1.31898 4 1 3 2 0
Rx 1.32028 4 1 3 2 0
Rx 1.32158 4 1 3 2 0
Rx 1.32318 4 1 3 2 0
Rx 1.3244 4 1 3 2 0
Rx 1.32568 4 1 3 2 0
Rx 1.32698 4 1 3 2 0
Rx 1.32828 4 1 3 2 0
Rx 1.32957 4 1 3 2 0
Rx 1.33088 4 1 3 2 0
Rx 1.33218 4 1 3 2 0
Rx 1.33348 4 1 3 2 0
Rx 1.33478 4 1 3 2 0
Rx 1.33608 4 1 3 2 0
Rx 1.33738 4 1 3 2 0
Rx 1.33868 4 1 3 2 0
Rx 1.33998 4 1 3 2 0
Rx 1.34127 4 1 3 2 0
Rx 1.3426 4 1 3 2 0
Rx 1.3439 4 1 3 2 0
Rx 1.3452 4 1 3 2 0
Rx 1.3465 4 1 3 2 0
Rx 1.3481 4 1 3 2 0
Rx 1.34938 4 1 3 2 0
Rx 1.35067 4 1 3 2 0
Rx 1.352 4 1 3 2 0
Rx 1.35328 4 1 3 2 0
Rx 1.35458 4 1 3 2 0
Rx 1.35588 4 1 3 2 0
Rx 1.35718 4 1 3 2 0
Rx 1.35848 4 1 3 2 0
Rx 1.35978 4 1 3 2 0
Rx 1.36148 4 1 3 2 0
Rx 1.36248 4 1 3 2 0
Rx 1.36378 4 1 3 2 0
Rx 1.36508 4 1 3 2 0
Rx 1.36668 4 1 3 2 0
Rx 1.36768 4 1 3 2 0
Rx 1.36898 4 1 3 2 0
Rx 1.37028 4 1 3 2 0
Rx 1.37157 4 1 3 2 0
Rx 1.37288 4 1 3 2 0
Rx 1.37418 4 1 3 2 0
Rx 1.37548 4 1 3 2 0
Rx 1.37677 4 1 3 2 0
Rx 1.3782 4 1 3 2 0
Rx 1.3796 4 1 3 2 0
Rx 1.3809 4 1 3 2 0
Rx 1.3822 4 1 3 2 0
