0.686641 	 0.279208 	 0.279208	0
1.07328 	 0.279168 	 0.279188	1
2.2332	200	200	2	5869
2.61984 	 2.60599 	 1.05479	2
2.61984	200	200	3	5870
3.00649	200	200	4	5870
3.39313 	 0.586047 	 0.937604	6
3.39313	200	200	5	5855
3.77977 	 0.396927 	 0.829468	7
3.77977 	 0.296666 	 0.740668	8
4.93969 	 0.528188 	 0.710314	10
4.93969	200	200	9	5419
5.32633 	 0.523348 	 0.686943	11
5.71297 	 0.279179 	 0.641636	13
6.09961	200	200	12	38661
6.87289 	 0.984926 	 0.675965	14
7.25953	200	200	15	5888
7.64617 	 0.279175 	 0.639893	18
7.64617	200	200	16	5867
8.03281 	 0.289235 	 0.610672	19
8.03281	200	200	17	5568
8.8061 	 0.281653 	 0.585362	21
9.19274 	 0.279333 	 0.563503	22
9.19274	200	200	20	44325
9.96602 	 0.421959 	 0.554067	23
9.96602 	 0.383031 	 0.543377	24
10.3527 	 0.27919 	 0.527837	25
11.1259 	 0.568637 	 0.530103	26
11.1259 	 0.279209 	 0.516898	27
11.5126 	 0.279168 	 0.505012	28
12.2859 	 0.394715 	 0.49976	29
12.2859 	 0.385607 	 0.494571	30
12.6725 	 0.279154 	 0.485205	31
13.4458 	 0.289148 	 0.477036	33
13.8324 	 0.29074 	 0.469584	34
13.8324	200	200	32	3269
14.2191 	 0.295083 	 0.462873	35
14.6057 	 0.300259 	 0.45685	36
15.7656 	 0.866789 	 0.47149	37
15.7656 	 0.314003 	 0.46606	39
16.1523 	 0.279179 	 0.459831	40
16.1523	200	200	38	62905
16.9256 	 0.542826 	 0.462508	41
16.9256 	 0.279198 	 0.456779	42
17.6988 	 0.62594 	 0.461905	43
18.4721	200	200	44	48367
18.8588	200	200	45	59885
19.2454 	 0.549382 	 0.464478	47
19.2454	200	200	46	3192
20.0187	200	200	48	5881
20.4053 	 0.279152 	 0.459183	51
20.4053	200	200	49	5879
20.792 	 0.279191 	 0.454183	52
20.792	200	200	50	5853
21.9519	200	200	53	42685
22.3385	200	200	54	5874
22.7252	200	200	55	5874
23.1118	200	200	56	5849
23.4984	200	200	57	61432
23.8851	200	200	58	3698
24.2717	200	200	59	64456
24.6584	200	200	60	63838
25.045	200	200	61	2980
25.4316 	 0.567726 	 0.457252	63
25.4316 	 0.279202 	 0.452567	64
25.4316	200	200	62	63291
26.2049 	 0.386761 	 0.450879	65
26.9782	200	200	66	5832
27.3649 	 0.279598 	 0.446597	69
27.3649	200	200	67	1268
27.7515 	 0.279158 	 0.442513	70
27.7515	200	200	68	3786
28.5248 	 0.444704 	 0.442566	71
28.9114 	 0.280573 	 0.438798	73
29.2981 	 0.282595 	 0.435248	74
29.2981	200	200	72	64181
