0.422665 	 0.0155083 	 0.0155083	0
0.545331 	 0.015443 	 0.0154756	1
0.667996 	 0.0154776 	 0.0154763	2
0.790661 	 0.0154122 	 0.0154603	3
0.913327 	 0.0154469 	 0.0154576	4
1.03599 	 0.0154815 	 0.0154616	5
1.15866 	 0.0154161 	 0.0154551	6
1.28132 	 0.0154508 	 0.0154546	7
1.40399 	 0.0154854 	 0.015458	8
1.52665 	 0.0154201 	 0.0154542	9
1.64932 	 0.0154547 	 0.0154542	10
1.77198 	 0.0154893 	 0.0154572	11
1.89465 	 0.015424 	 0.0154546	12
2.01732 	 0.0154586 	 0.0154549	13
2.13998 	 0.0154933 	 0.0154575	14
2.26265 	 0.0154279 	 0.0154556	15
2.38531 	 0.0154625 	 0.015456	16
2.50798 	 0.0154972 	 0.0154583	17
2.63064 	 0.0154318 	 0.0154569	18
2.75331 	 0.0155664 	 0.0154624	19
2.87597 	 0.0155011 	 0.0154642	20
2.99864 	 0.0161357 	 0.0154947	21
3.1213 	 0.0159704 	 0.0155154	22
3.24397 	 0.015505 	 0.015515	23
3.36663 	 0.0154396 	 0.015512	24
3.4893 	 0.0154743 	 0.0155105	25
3.61196 	 0.0155089 	 0.0155105	26
3.73463 	 0.0155435 	 0.0155116	27
3.8573 	 0.0159782 	 0.0155277	28
3.97996 	 0.0158211 	 0.0155375	29
4.10263 	 0.0154475 	 0.0155346	30
4.22529 	 0.0154821 	 0.015533	31
4.34796 	 0.0154167 	 0.0155294	32
4.47062 	 0.0154514 	 0.0155272	33
4.59329 	 0.015486 	 0.015526	34
4.71595 	 0.0154206 	 0.015523	35
4.83862 	 0.0154553 	 0.0155212	36
4.96128 	 0.0154899 	 0.0155204	37
5.08395 	 0.0154246 	 0.0155179	38
5.20661 	 0.0154592 	 0.0155165	39
5.32928 	 0.0154938 	 0.0155159	40
5.45195 	 0.0154285 	 0.0155138	41
5.57461 	 0.0154631 	 0.0155127	42
5.69728 	 0.0154978 	 0.0155123	43
5.81994 	 0.0154324 	 0.0155105	44
5.94261 	 0.015467 	 0.0155096	45
6.06527 	 0.0155017 	 0.0155094	46
6.18794 	 0.0154363 	 0.0155079	47
6.3106 	 0.0268001 	 0.0157384	48
6.43327 	 0.0155056 	 0.0157337	49
6.55593 	 0.0154402 	 0.0157279	50
6.6786 	 0.0154749 	 0.0157231	51
6.80126 	 0.0155095 	 0.015719	52
6.92393 	 0.0154441 	 0.015714	53
7.04659 	 0.0155871 	 0.0157117	54
7.16926 	 0.0154134 	 0.0157063	55
7.29193 	 0.015448 	 0.0157018	56
7.41459 	 0.0154827 	 0.015698	57
7.53726 	 0.0154173 	 0.0156933	58
7.65992 	 0.015452 	 0.0156892	59
7.78259 	 0.0154866 	 0.0156859	60
7.90525 	 0.0154212 	 0.0156816	61
8.02792 	 0.0157559 	 0.0156828	62
8.15058 	 0.0158779 	 0.0156859	63
8.27325 	 0.0154252 	 0.0156819	64
8.39591 	 0.0154598 	 0.0156785	65
8.51858 	 0.0154944 	 0.0156757	66
8.64124 	 0.0154291 	 0.0156721	67
8.76391 	 0.0154637 	 0.0156691	68
8.88658 	 0.0154983 	 0.0156667	69
9.00924 	 0.015433 	 0.0156634	70
9.13191 	 0.0154676 	 0.0156607	71
9.25457 	 0.0155023 	 0.0156585	72
9.37724 	 0.0155369 	 0.0156568	73
9.4999 	 0.0154715 	 0.0156544	74
9.62257 	 0.0155062 	 0.0156524	75
9.74523 	 0.0154408 	 0.0156497	76
9.8679 	 0.0154754 	 0.0156474	77
9.99056 	 0.0155101 	 0.0156457	78
10.1132 	 0.0154447 	 0.0156432	79
10.2359 	 0.0154794 	 0.0156412	80
10.3586 	 0.015414 	 0.0156384	81
10.4812 	 0.0154486 	 0.0156361	82
10.6039 	 0.0154833 	 0.0156343	83
10.7266 	 0.0154179 	 0.0156317	84
10.8492 	 0.0154525 	 0.0156297	85
10.9719 	 0.0154872 	 0.015628	86
11.0946 	 0.0154218 	 0.0156257	87
11.2172 	 0.0154565 	 0.0156238	88
11.3399 	 0.0154911 	 0.0156223	89
11.4625 	 0.0154257 	 0.0156201	90
11.5852 	 0.0154604 	 0.0156184	91
11.7079 	 0.0154992 	 0.0156171	92
11.8305 	 0.015717 	 0.0156182	93
11.9532 	 0.0154643 	 0.0156166	94
12.0759 	 0.0154989 	 0.0156153	95
12.1985 	 0.0154336 	 0.0156135	96
12.3212 	 0.0154682 	 0.015612	97
12.4439 	 0.0155028 	 0.0156109	98
12.5665 	 0.0154375 	 0.0156091	99
12.6892 	 0.0154721 	 0.0156078	100
12.8119 	 0.0157068 	 0.0156088	101
12.9345 	 0.0154414 	 0.0156071	102
13.0572 	 0.015476 	 0.0156059	103
13.1799 	 0.0155107 	 0.015605	104
13.3025 	 0.0161453 	 0.0156101	105
13.4252 	 0.0154799 	 0.0156089	106
13.5479 	 0.0154146 	 0.0156071	107
13.6705 	 0.0154492 	 0.0156056	108
13.7932 	 0.0154839 	 0.0156045	109
13.9159 	 0.0154185 	 0.0156028	110
14.0385 	 0.0154531 	 0.0156015	111
14.1612 	 0.0154878 	 0.0156005	112
14.2839 	 0.0154224 	 0.0155989	113
14.4065 	 0.0154571 	 0.0155977	114
14.5292 	 0.0154917 	 0.0155968	115
14.6518 	 0.0154263 	 0.0155953	116
14.7745 	 0.015461 	 0.0155942	117
14.8972 	 0.0151956 	 0.0155908	118
15.0198 	 0.0154302 	 0.0155895	119
15.1425 	 0.0154649 	 0.0155885	120
15.2652 	 0.0154995 	 0.0155877	121
15.3878 	 0.0154342 	 0.0155865	122
15.5105 	 0.0154688 	 0.0155855	123
15.6332 	 0.0155034 	 0.0155849	124
15.7558 	 0.0154381 	 0.0155837	125
15.8785 	 0.0154727 	 0.0155828	126
16.0012 	 0.0155073 	 0.0155822	127
16.1238 	 0.015442 	 0.0155812	128
16.2465 	 0.0154766 	 0.0155804	129
16.3692 	 0.0154113 	 0.0155791	130
16.4918 	 0.0154459 	 0.0155781	131
16.6145 	 0.0154805 	 0.0155773	132
16.7372 	 0.0154152 	 0.0155761	133
16.8598 	 0.0154498 	 0.0155752	134
16.9825 	 0.0158845 	 0.0155774	135
17.1052 	 0.0155191 	 0.015577	136
17.2278 	 0.0159579 	 0.0155798	137
17.3505 	 0.0159967 	 0.0155828	138
17.4732 	 0.0159104 	 0.0155851	139
17.5958 	 0.0154576 	 0.0155842	140
17.7185 	 0.0154923 	 0.0155836	141
17.8411 	 0.0154269 	 0.0155825	142
17.9638 	 0.0154616 	 0.0155816	143
18.0865 	 0.0166836 	 0.0155892	144
18.2091 	 0.0159308 	 0.0155916	145
18.3318 	 0.0158821 	 0.0155936	146
18.4545 	 0.0159001 	 0.0155956	147
18.5771 	 0.0154347 	 0.0155945	148
18.6998 	 0.0154694 	 0.0155937	149
18.8225 	 0.015504 	 0.0155931	150
18.9451 	 0.0154387 	 0.0155921	151
19.0678 	 0.0154733 	 0.0155913	152
19.1905 	 0.0155079 	 0.0155908	153
19.3131 	 0.0154426 	 0.0155898	154
19.4358 	 0.0154772 	 0.0155891	155
19.5585 	 0.0154118 	 0.015588	156
19.6811 	 0.0154465 	 0.0155871	157
19.8038 	 0.0154811 	 0.0155864	158
19.9265 	 0.0154158 	 0.0155853	159
20.0491 	 0.0154504 	 0.0155845	160
20.1718 	 0.015485 	 0.0155839	161
20.2945 	 0.0154197 	 0.0155829	162
20.4171 	 0.0154543 	 0.0155821	163
20.5398 	 0.015489 	 0.0155815	164
20.6625 	 0.0154236 	 0.0155806	165
20.7851 	 0.0154582 	 0.0155799	166
20.9078 	 0.0154929 	 0.0155793	167
21.0304 	 0.0154275 	 0.0155784	168
21.1531 	 0.0154621 	 0.0155778	169
21.2758 	 0.0154968 	 0.0155773	170
21.3984 	 0.0154314 	 0.0155764	171
21.5211 	 0.0154661 	 0.0155758	172
21.6438 	 0.0155007 	 0.0155754	173
21.7664 	 0.0154353 	 0.0155746	174
21.8891 	 0.01547 	 0.015574	175
22.0118 	 0.0155046 	 0.0155736	176
22.1344 	 0.0154392 	 0.0155728	177
22.2571 	 0.0154739 	 0.0155723	178
22.3798 	 0.0155085 	 0.0155719	179
22.5024 	 0.0154432 	 0.0155712	180
22.6251 	 0.0154778 	 0.0155707	181
22.7478 	 0.0157208 	 0.0155715	182
22.8704 	 0.0163303 	 0.0155756	183
22.9931 	 0.01599 	 0.0155779	184
23.1158 	 0.0162037 	 0.0155812	185
23.2384 	 0.015451 	 0.0155805	186
23.3611 	 0.0154856 	 0.01558	187
23.4838 	 0.0154203 	 0.0155792	188
23.6064 	 0.0154549 	 0.0155785	189
23.7291 	 0.0157769 	 0.0155796	190
23.8517 	 0.0154242 	 0.0155788	191
23.9744 	 0.0155588 	 0.0155787	192
24.0971 	 0.0154935 	 0.0155782	193
24.2197 	 0.0156281 	 0.0155785	194
24.3424 	 0.0154627 	 0.0155779	195
24.4651 	 0.0154974 	 0.0155775	196
24.5877 	 0.015432 	 0.0155767	197
24.7104 	 0.0154666 	 0.0155762	198
24.8331 	 0.0155013 	 0.0155758	199
24.9557 	 0.0154359 	 0.0155751	200
25.0784 	 0.0154706 	 0.0155746	201
25.2011 	 0.0155052 	 0.0155743	202
25.3237 	 0.0154398 	 0.0155736	203
25.4464 	 0.0154745 	 0.0155731	204
25.5691 	 0.0155091 	 0.0155728	205
25.6917 	 0.0154437 	 0.0155722	206
25.8144 	 0.0154784 	 0.0155717	207
25.9371 	 0.015413 	 0.015571	208
26.0597 	 0.0154477 	 0.0155704	209
26.1824 	 0.0154823 	 0.01557	210
26.3051 	 0.0564043 	 0.0157626	211
26.4277 	 0.0154516 	 0.0157611	212
26.5504 	 0.0154862 	 0.0157598	213
26.6731 	 0.0154209 	 0.0157583	214
26.7957 	 0.0154555 	 0.0157569	215
26.9184 	 0.0154901 	 0.0157556	216
27.041 	 0.0154248 	 0.0157541	217
27.1637 	 0.0154594 	 0.0157528	218
27.2864 	 0.015494 	 0.0157516	219
27.409 	 0.0154287 	 0.0157501	220
27.5317 	 0.0154633 	 0.0157488	221
27.6544 	 0.015498 	 0.0157477	222
27.777 	 0.0154326 	 0.0157463	223
27.8997 	 0.0154672 	 0.0157451	224
28.0224 	 0.0158019 	 0.0157453	225
28.145 	 0.0154365 	 0.015744	226
28.2677 	 0.0154711 	 0.0157428	227
28.3904 	 0.0155058 	 0.0157417	228
28.513 	 0.0154404 	 0.0157404	229
28.6357 	 0.0154751 	 0.0157393	230
28.7584 	 0.0155097 	 0.0157383	231
28.881 	 0.0154443 	 0.015737	232
29.0037 	 0.015479 	 0.0157359	233
29.1264 	 0.0154136 	 0.0157345	234
29.249 	 0.0154482 	 0.0157333	235
29.3717 	 0.0157829 	 0.0157335	236
29.4944 	 0.0161175 	 0.0157352	237
29.617 	 0.0154522 	 0.015734	238
29.7397 	 0.0154868 	 0.0157329	239
29.8624 	 0.0154214 	 0.0157316	240
29.985 	 0.0154561 	 0.0157305	241
