1.03329 	 0.545808 	 0.545808	0
3.23314	200	200	1	11765
3.96643	200	200	2	11739
4.69971	200	200	3	9996
5.433 	 0.614918 	 0.580363	6
5.433	200	200	4	1813
6.16628	200	200	5	9927
6.89957 	 1.3971 	 0.852609	7
7.63285 	 0.665742 	 0.805892	9
8.36614 	 0.571865 	 0.759086	10
8.36614	200	200	8	61319
9.09942 	 0.549388 	 0.724137	11
10.566 	 0.769569 	 0.730627	12
10.566 	 0.568801 	 0.710399	13
11.2993 	 0.653016 	 0.704023	14
12.7658 	 0.772714 	 0.710892	15
12.7658 	 0.54695 	 0.695988	16
13.4991 	 0.558664 	 0.684545	17
14.2324 	 0.566275 	 0.675447	18
15.699 	 1.23808 	 0.715635	19
17.1656	200	200	20	11484
17.8988	200	200	21	58881
18.6321	200	200	22	8590
19.3654	200	200	23	44527
20.0987	200	200	24	7104
20.832	200	200	25	11774
21.5653	200	200	26	11711
22.2986	200	200	27	61955
23.0318	200	200	28	5693
23.7651	200	200	29	11686
24.4984	200	200	30	11065
25.2317 	 0.725885 	 0.716318	33
25.2317	200	200	31	64800
25.965	200	200	32	6949
27.4316	200	200	34	7207
28.1648	200	200	35	11670
28.8981 	 0.766344 	 0.719445	37
28.8981 	 0.551471 	 0.709564	38
28.8981	200	200	36	4475
29.6314 	 0.721269 	 0.710214	39
