0.73997 	 0.332508 	 0.332508	0
1.17994 	 0.332538 	 0.332523	1
2.49985	200	200	2	20163
2.93982	200	200	3	20161
3.37979	200	200	4	20059
3.81976	200	200	5	18437
4.25973	200	200	6	57134
4.6997	200	200	7	19658
5.13967 	 0.380205 	 0.348417	10
5.13967	200	200	8	18328
5.57964 	 0.332534 	 0.344446	11
5.57964	200	200	9	19082
6.89956 	 1.11145 	 0.497847	12
7.33953	200	200	13	20161
7.7795 	 0.332483 	 0.470287	16
7.7795	200	200	14	781
8.21947 	 0.4099 	 0.46166	17
8.21947	200	200	15	20086
9.09941 	 0.334171 	 0.445724	19
9.53938	200	200	18	11827
9.97935 	 0.512184 	 0.453108	20
10.4193 	 0.452131 	 0.453011	21
10.4193 	 0.33266 	 0.44207	22
11.2993 	 0.573273 	 0.453003	23
11.7392 	 0.453407 	 0.453034	24
11.7392 	 0.338849 	 0.444878	25
12.1792 	 0.439179 	 0.444498	26
12.6192 	 0.332509 	 0.437499	27
13.9391 	 0.559955 	 0.444702	29
13.9391 	 0.439397 	 0.444408	30
13.9391	200	200	28	17706
14.819 	 0.443914 	 0.444382	31
15.699	200	200	32	15454
16.1389 	 0.332546 	 0.43879	35
16.1389	200	200	33	18767
16.5789	200	200	34	65484
17.4588 	 0.536192 	 0.443428	37
17.4588	200	200	36	16722
17.8988 	 0.686818 	 0.454491	38
18.7788	200	200	39	5633
19.2187	200	200	40	18769
19.6587	200	200	41	19110
20.0987	200	200	42	20146
20.5386	200	200	43	20147
20.9786 	 0.33248 	 0.449186	46
20.9786	200	200	44	20166
21.4186	200	200	45	782
22.2985	200	200	47	17962
22.7385 	 22.5984 	 1.37207	47
22.7385	200	200	48	20126
23.1785	200	200	49	20148
23.6184	200	200	50	19271
24.0584	200	200	51	17467
24.4984	200	200	52	20100
24.9383	200	200	53	18912
25.3783 	 0.602522 	 1.34129	55
25.3783	200	200	54	19407
25.8183 	 0.332498 	 1.30249	57
26.2583	200	200	56	57002
27.1382	200	200	58	13464
27.5782 	 0.453074 	 1.27103	60
27.5782 	 0.332516 	 1.23751	61
27.5782	200	200	59	20172
28.0181 	 0.354346 	 1.20706	62
28.8981 	 0.335405 	 1.178	64
29.338 	 0.336235 	 1.15085	65
29.338	200	200	63	13018
